grp,pp,S,ID,Harmonicity,Circularity,IDef,f,peakVel,MT,accTime,decTime,accQ,IPerf,IPerfEf,vfTrajCircularity,vfCircularity,q1,q2,q3,q4,maxangle
1,2,1,1,0.13983,0.71181,5.5164,0.39062,0.2564,1.326,0.464,0.857,0.35333,4.0135,4.1602,0.53998,0.49837,0.7736,0.53779,0.78883,0.48444,1.4968
1,2,1,1,0.087409,0.73105,5.5046,0.36439,0.21428,1.356,0.453,0.92,0.32728,3.9247,4.0594,0.59055,0.41348,0.71082,0.53208,0.75794,0.569,0.68271
1,2,1,1,0.086737,0.76701,5.8155,0.39438,0.25736,1.2435,0.407,0.8475,0.3272,4.2798,4.6768,0.59621,0.41209,0.84371,0.52366,0.78925,0.57575,1.4265
1,2,1,2,1,0.82259,3.471,1.0696,0.32125,0.439,0.199,0.239,0.4485,5.9213,7.9065,0.87173,0.14683,0.87647,0.78631,0.88963,0.8622,0.16393
1,2,1,2,1,0.84955,3.6972,1.4361,0.39785,0.354,0.179,0.178,0.49722,7.3431,10.444,0.84446,0.11889,0.84586,0.86357,0.82117,0.83638,0.22385
1,2,1,2,1,0.84675,3.4048,1.5259,0.40348,0.334,0.17,0.167,0.50685,7.7828,10.194,0.86292,0.14133,0.88033,0.90233,0.81771,0.83771,0.19034
1,2,2,1,0.050915,0.76392,5.5406,0.64248,0.35667,0.791,0.223,0.583,0.27978,6.7281,7.0046,0.57126,0.4566,0.93369,0.57471,0.87019,0.5581,0.90219
1,2,2,1,0.056589,0.76427,5.1778,0.71023,0.34295,0.714,0.188,0.522,0.26923,7.4537,7.2518,0.61853,0.33649,0.92536,0.58735,0.81439,0.60168,0.38584
1,2,2,1,0.060543,0.6988,5.1537,0.71806,0.28453,0.694,0.192,0.505,0.28358,7.6685,7.4261,0.58242,0.5539,0.70852,0.54725,0.64058,0.55983,0.50614
1,2,2,2,1,0.76937,2.4114,2.9297,0.82159,0.172,0.092,0.085,0.51534,15.113,14.02,0.80213,0.23868,0.86873,0.78435,0.86796,0.7566,0.46039
1,2,2,2,1,0.83283,3.5778,2.4414,0.76131,0.204,0.105,0.098,0.51397,12.742,17.538,0.80811,0.0843,0.86873,0.88952,0.79311,0.80895,0.17608
1,2,2,2,1,0.82527,3.5053,2.8076,0.83668,0.174,0.09,0.085,0.5163,14.939,20.146,0.80213,0.23868,0.86873,0.78435,0.86796,0.7566,0.46039
1,2,3,1,0.051094,0.74363,5.3119,0.56152,0.29773,0.83,0.227,0.59,0.2664,6.412,6.3999,0.58708,0.4205,0.93738,0.55515,0.80644,0.57266,0.7749
1,2,3,1,0.037758,0.78182,5.6225,0.65104,0.40948,0.75,0.229,0.523,0.30388,7.0959,7.4967,0.66106,0.30552,0.91604,0.58734,0.88969,0.64689,1.3982
1,2,3,1,0.03294,0.78519,5.4592,0.71023,0.41539,0.709,0.198,0.504,0.28202,7.5062,7.6999,0.64776,0.36142,0.92907,0.61419,0.91506,0.65211,0.86726
1,2,3,2,1,0.81457,3.3192,2.6367,0.77232,0.189,0.099,0.101,0.5188,13.754,17.562,0.77994,0.090269,0.79869,0.78435,0.86796,0.71914,0
1,2,3,2,1,0.79601,3.3203,3.2959,0.80362,0.159,0.083,0.078,0.51705,16.349,20.883,0.81378,0.1678,0.81378,0.78435,0.86796,0.7566,0
1,2,3,2,1,0.82296,2.8344,2.6042,0.83606,0.18,0.095,0.092,0.52846,14.441,15.747,0.77536,0.035225,0.86873,0.78435,0.77536,0.7566,0.10472
1,3,1,1,0.065868,0.83101,5.4655,0.3756,0.21216,1.284,0.464,0.812,0.37329,4.1448,4.2566,0.77366,0.32923,0.91881,0.72966,0.89178,0.68214,3.0652
1,3,1,1,0.059188,0.87291,5.3663,0.47871,0.25497,1.066,0.433,0.624,0.4123,4.9924,5.034,0.83521,0.27789,0.88267,0.80797,0.91486,0.76142,0.48122
1,3,1,1,0.086222,0.8529,5.7123,0.38297,0.21008,1.328,0.473,0.826,0.36379,4.0075,4.3014,0.77265,0.30575,0.92256,0.74293,0.90478,0.67403,1.6213
1,3,1,2,1,0.81804,3.2919,0.86806,0.26969,0.568,0.221,0.345,0.39069,4.5765,5.7955,0.79914,0.20766,0.84419,0.7994,0.87506,0.7367,0.22272
1,3,1,2,1,0.81409,3.1164,1.3021,0.34119,0.389,0.1775,0.214,0.45714,6.6824,8.0114,0.82032,0.15286,0.7627,0.85168,0.84663,0.75226,0.18018
1,3,1,2,1,0.84642,3.4539,1.3787,0.37647,0.361,0.165,0.196,0.47059,7.2007,9.5676,0.87612,0.16245,0.88436,0.93279,0.88475,0.77332,0.19983
1,3,2,1,0.1233,0.8217,5.2044,0.49867,0.27091,0.9925,0.4185,0.5725,0.43277,5.3621,5.2438,0.73239,0.26132,0.79339,0.68507,0.82675,0.72799,0.40775
1,3,2,1,0.1084,0.86389,5.3181,0.48828,0.22257,1.001,0.376,0.608,0.38025,5.3166,5.3128,0.81875,0.25611,0.86489,0.72923,0.93045,0.78965,0.34487
1,3,2,1,0.063137,0.85348,4.9627,0.52235,0.219,0.971,0.359,0.61,0.38859,5.4809,5.1109,0.84621,0.24458,0.88099,0.77095,0.94355,0.78175,0.59592
1,3,2,2,1,0.83913,3.268,1.4936,0.39273,0.347,0.171,0.178,0.47989,7.4912,9.418,0.86084,0.17006,0.85627,0.86588,0.90638,0.84089,0.36578
1,3,2,2,1,0.8625,3.3807,1.5625,0.40685,0.331,0.158,0.167,0.49013,7.8534,10.214,0.88099,0.13491,0.8379,0.94569,0.91595,0.81525,0.16185
1,3,2,2,1,0.85014,3.0048,1.4974,0.39144,0.333,0.1655,0.168,0.49626,7.8062,9.0233,0.90199,0.17782,0.87096,0.97165,0.93801,0.79968,0.23664
1,3,3,1,0.14475,0.87577,5.5059,0.49825,0.27526,1.01,0.442,0.558,0.44146,5.2692,5.4514,0.83332,0.21027,0.86088,0.7856,0.90419,0.78713,0.93213
1,3,3,1,0.15582,0.86745,5.4695,0.47871,0.27333,1.094,0.478,0.583,0.44876,4.8647,4.9995,0.78999,0.22082,0.79841,0.75879,0.8531,0.74809,0.47142
1,3,3,1,0.1514,0.86318,5.3344,0.45211,0.27365,1.098,0.497,0.609,0.44434,4.8469,4.8583,0.83686,0.21589,0.86915,0.82447,0.90125,0.75708,2.7729
1,3,3,2,1,0.8575,3.69,1.7439,0.47357,0.294,0.148,0.153,0.48288,8.8417,12.551,0.85579,0.1506,0.84913,0.88944,0.89532,0.85585,0.14431
1,3,3,2,1,0.82305,3.5015,1.8029,0.51127,0.266,0.138,0.132,0.52215,9.7724,13.163,0.81107,0.12782,0.8268,0.83253,0.81415,0.7756,0.17087
1,3,3,2,1,0.85849,3.4263,1.9531,0.48764,0.2625,0.1355,0.1325,0.50526,9.9027,13.053,0.87375,0.10737,0.86776,0.89746,0.89278,0.86833,0.17731
1,6,1,1,0.10341,0.86726,5.5479,0.36058,0.16216,1.278,0.487,0.817,0.36659,4.1643,4.3411,0.82786,0.27577,0.92137,0.77122,0.92614,0.76605,0.28097
1,6,1,1,0.1075,0.82529,5.4348,0.36058,0.16731,1.3285,0.505,0.849,0.37621,4.006,4.091,0.75778,0.33632,0.85298,0.69907,0.84446,0.70321,0.37606
1,6,1,1,0.11518,0.84399,5.3457,0.36227,0.1665,1.288,0.483,0.769,0.37939,4.1319,4.1504,0.78023,0.28489,0.83771,0.70465,0.83828,0.7392,0.25746
1,6,1,2,0.21307,0.74436,3.0553,0.561,0.18299,0.915,0.382,0.542,0.41301,2.8409,3.3391,0.74544,0.23336,0.8599,0.69488,0.71975,0.77424,0.31348
1,6,1,2,0.28219,0.8029,3.746,0.67817,0.22392,0.738,0.3,0.442,0.41484,3.5223,5.0759,0.78131,0.18048,0.85012,0.77172,0.77488,0.7427,0.25032
1,6,1,2,1,0.87387,3.797,0.73242,0.24106,0.679,0.292,0.3855,0.42956,3.8284,5.592,0.87008,0.16958,0.93927,0.86584,0.86754,0.82748,0.26227
1,6,2,1,0.091794,0.85568,5.7461,0.40303,0.18071,1.259,0.464,0.796,0.36356,4.2271,4.564,0.78691,0.3028,0.90805,0.72668,0.91888,0.74446,0.54108
1,6,2,1,0.095963,0.87356,5.9528,0.42969,0.18783,1.174,0.456,0.697,0.38379,4.5332,5.0705,0.81274,0.30489,0.92856,0.77585,0.91982,0.75528,0.39299
1,6,2,1,0.088539,0.86758,5.8596,0.43846,0.20341,1.124,0.435,0.697,0.38402,4.7348,5.2132,0.81625,0.28326,0.91424,0.77369,0.9127,0.75993,0.42514
1,6,2,2,1,0.85932,3.7978,0.80819,0.26935,0.605,0.291,0.314,0.48129,4.2966,6.2774,0.8452,0.16067,0.85046,0.84573,0.84753,0.83298,0.16941
1,6,2,2,1,0.84296,3.779,0.86806,0.28631,0.5725,0.271,0.3055,0.47537,4.5405,6.6009,0.82506,0.1704,0.83218,0.82516,0.85052,0.78592,0.13676
1,6,2,2,1,0.82908,3.3119,0.86806,0.28533,0.5695,0.268,0.3065,0.46805,4.5646,5.8156,0.84719,0.17681,0.84403,0.87927,0.85331,0.76355,0.16005
1,6,3,1,0.066933,0.88512,5.9251,0.46064,0.20891,1.096,0.428,0.688,0.37888,4.8558,5.4061,0.84615,0.31591,0.93537,0.75693,0.92736,0.8124,0.27172
1,6,3,1,0.059837,0.88505,6.0751,0.4695,0.2134,1.077,0.416,0.666,0.38221,4.9414,5.6408,0.83956,0.31123,0.92055,0.76506,0.90933,0.79678,0.82785
1,6,3,1,0.070842,0.8843,5.8164,0.45711,0.20796,1.075,0.432,0.632,0.40437,4.9506,5.4106,0.84316,0.29003,0.92408,0.81008,0.89927,0.77861,1.5504
1,6,3,2,1,0.86799,4.0394,0.83705,0.26919,0.594,0.282,0.3125,0.47267,4.3762,6.8003,0.86328,0.16788,0.87969,0.86725,0.86957,0.83829,0.22889
1,6,3,2,1,0.88089,4.1312,0.86806,0.28384,0.5725,0.263,0.3045,0.45992,4.5405,7.2161,0.87598,0.21277,0.88922,0.85026,0.87964,0.8766,0.35416
1,6,3,2,1,0.86479,3.8386,0.90422,0.29203,0.552,0.27,0.281,0.48413,4.7092,6.954,0.87359,0.16254,0.85289,0.84489,0.88882,0.88792,0.19986
1,8,1,1,0.057031,0.82329,5.4864,0.44178,0.23625,1.099,0.3365,0.7665,0.31274,4.8425,4.9922,0.71064,0.31723,0.9158,0.65879,0.82664,0.6641,0.5846
1,8,1,1,0.047945,0.8315,5.6135,0.46609,0.24925,1.109,0.348,0.734,0.33451,4.7989,5.0618,0.75405,0.33124,0.93685,0.74835,0.87229,0.64277,1.2223
1,8,1,1,0.045525,0.85024,5.616,0.44389,0.25167,1.1445,0.386,0.7445,0.34871,4.65,4.907,0.74785,0.26428,0.91522,0.71893,0.84338,0.64691,0.5437
1,8,1,2,1,0.85333,2.9073,1.4361,0.4821,0.347,0.1775,0.1715,0.50649,7.4913,8.3784,0.89249,0.11015,0.90546,0.83164,0.78942,0.91841,0.15527
1,8,1,2,1,0.8515,2.5201,2.0345,0.64405,0.249,0.142,0.118,0.54682,10.44,10.121,0.87408,0.1735,0.76751,0.87058,0.94677,0.89528,0.14178
1,8,1,2,1,0.82825,3.0804,2.0419,0.63128,0.241,0.131,0.109,0.53191,10.786,12.782,0.8535,0.12403,0.76763,0.86328,0.88682,0.87352,0.14163
1,8,2,1,0.081646,0.81768,5.5113,0.41853,0.182,1.136,0.37,0.764,0.33536,4.6848,4.8515,0.74855,0.30644,0.83475,0.66113,0.86617,0.68479,0.48072
1,8,2,1,0.048978,0.8483,5.7949,0.42614,0.20803,1.121,0.367,0.766,0.33129,4.7475,5.1694,0.78554,0.35448,0.89822,0.70943,0.95694,0.75354,1.0436
1,8,2,1,0.069394,0.84198,5.5213,0.41016,0.18718,1.202,0.386,0.807,0.3305,4.4276,4.5934,0.78655,0.306,0.84912,0.72131,0.89892,0.68166,0.70999
1,8,2,2,1,0.85294,3.0125,2.6042,0.69701,0.192,0.105,0.093,0.51795,13.539,15.69,0.89093,0.20514,0.81814,0.78435,0.91172,0.84778,0.03852
1,8,2,2,1,0.85816,3.0417,2.6855,0.80368,0.185,0.09,0.09,0.47778,14.051,16.441,0.88797,0.14729,0.86873,0.78435,0.89685,0.88259,0.072039
1,8,2,2,1,0.84043,3.0785,2.6042,0.75336,0.19,0.096,0.092,0.49485,13.681,16.202,0.85633,0.10454,0.79308,0.88083,0.86796,0.90487,0.30816
1,8,3,1,0.065349,0.83116,5.3824,0.47832,0.22569,1.0205,0.3415,0.6805,0.33129,5.215,5.2743,0.72522,0.33953,0.82675,0.6887,0.88696,0.69772,1.0558
1,8,3,1,0.084702,0.86755,5.248,0.50863,0.21555,0.974,0.34,0.645,0.35023,5.464,5.3881,0.8504,0.29123,0.92702,0.79179,0.9469,0.76824,0.31384
1,8,3,1,0.058041,0.84657,5.3929,0.48828,0.24207,1.018,0.3615,0.643,0.35708,5.2278,5.2976,0.79906,0.28065,0.87109,0.73756,0.88834,0.73764,2.5302
1,8,3,2,1,0.82336,2.7034,2.6042,0.73941,0.191,0.1025,0.088,0.54677,13.61,14.154,0.90602,0.11344,0.78827,0.92494,0.91319,0.90268,0.069807
1,8,3,2,1,0.84504,3.0344,3.0518,0.79478,0.166,0.083,0.082,0.48101,15.659,18.28,0.90769,0.14391,0.90293,0.91205,0.86796,0.7566,0.18423
1,8,3,2,1,0.83496,2.454,3.0692,0.85459,0.165,0.081,0.084,0.47929,15.754,14.872,0.90364,0.04968,0.90926,0.90229,0.86796,0.9145,0.18388
1,9,1,1,0.093055,0.85559,4.9381,0.49867,0.19487,1.012,0.386,0.6,0.38196,5.2588,4.8795,0.81702,0.25774,0.90095,0.73408,0.88461,0.7912,0.44632
1,9,1,1,0.096071,0.79196,4.9169,0.42614,0.16639,1.1525,0.4285,0.736,0.37682,4.6177,4.2663,0.7417,0.26015,0.81451,0.67727,0.80474,0.68659,0.4096
1,9,1,1,0.14828,0.86817,5.3012,0.44041,0.16738,1.136,0.393,0.7145,0.34721,4.6849,4.6666,0.84096,0.29424,0.93285,0.78206,0.92724,0.76834,0.38228
1,9,1,2,0.29542,0.81305,3.5554,0.8138,0.218,0.629,0.279,0.358,0.43472,4.1327,5.6524,0.82301,0.19712,0.83815,0.82866,0.85439,0.76773,0.29909
1,9,1,2,1,0.77833,3.4652,0.97656,0.25483,0.502,0.235,0.265,0.47166,5.1782,6.9027,0.78088,0.17588,0.81243,0.75901,0.78213,0.76979,0.19721
1,9,1,2,1,0.82757,3.2327,1.2478,0.3158,0.396,0.204,0.196,0.50238,6.5643,8.1635,0.87511,0.15277,0.87522,0.87406,0.81602,0.86562,0.19576
1,9,2,1,0.038923,0.81643,5.4514,0.49964,0.19972,1.01,0.332,0.662,0.33333,5.2692,5.3975,0.72019,0.33297,0.85448,0.65667,0.85988,0.70718,0.32688
1,9,2,1,0.086741,0.84269,5.4792,0.45422,0.18493,1.0935,0.3525,0.7055,0.33548,4.8669,5.0107,0.80301,0.29788,0.9135,0.68288,0.93422,0.73548,0.54207
1,9,2,1,0.066287,0.86236,5.6898,0.47789,0.19013,1.009,0.3275,0.6905,0.31883,5.2745,5.6392,0.811,0.3207,0.95077,0.7342,0.95055,0.76626,0.50427
1,9,2,2,1,0.81681,2.9022,1.7278,0.47782,0.288,0.153,0.136,0.53401,9.0259,10.077,0.8261,0.15363,0.81288,0.93675,0.84822,0.78042,0.17368
1,9,2,2,1,0.79626,2.8866,1.8717,0.49635,0.2645,0.14,0.1265,0.52566,9.8279,10.914,0.80475,0.16988,0.79016,0.94726,0.80982,0.74244,0.14156
1,9,2,2,1,0.85937,3.0996,1.8717,0.51438,0.262,0.14,0.124,0.53112,9.9216,11.831,0.85901,0.1381,0.83554,0.94867,0.86739,0.8265,0.11901
1,9,3,1,0.15021,0.84596,5.475,0.5008,0.21145,0.975,0.343,0.623,0.36548,5.4584,5.6154,0.77747,0.26165,0.88752,0.74575,0.85356,0.72196,0.40752
1,9,3,1,0.11686,0.82801,5.1898,0.48828,0.20564,0.98,0.351,0.625,0.36235,5.4305,5.2957,0.79291,0.29101,0.8847,0.68765,0.8846,0.77029,0.39163
1,9,3,1,0.15456,0.87057,5.1826,0.58129,0.22054,0.8695,0.3115,0.557,0.35585,6.1207,5.9604,0.83757,0.2872,0.92257,0.75159,0.91579,0.79533,0.53821
1,9,3,2,1,0.79203,2.8942,2.0419,0.56499,0.245,0.126,0.119,0.50539,10.61,11.813,0.80543,0.14646,0.73985,0.83693,0.81841,0.75517,0.23696
1,9,3,2,1,0.82532,2.8125,2.1307,0.55375,0.242,0.124,0.117,0.5123,10.742,11.622,0.87057,0.17666,0.84362,0.90585,0.88506,0.84144,0.21206
1,9,3,2,1,0.85931,3.4966,2.2461,0.52099,0.226,0.114,0.111,0.51101,11.502,15.472,0.87403,0.11787,0.87118,0.91239,0.86522,0.83032,0.21531
2,1,1,1,0.066179,0.82985,5.1303,0.41118,0.19197,1.172,0.368,0.818,0.30843,4.5409,4.3774,0.76378,0.33926,0.9226,0.72505,0.92118,0.70793,0.77086
2,1,1,1,0.088399,0.84239,4.9859,0.46503,0.20223,1.0725,0.3245,0.7375,0.30556,4.9622,4.6489,0.77357,0.32113,0.92445,0.74328,0.91226,0.7137,0.30666
2,1,1,1,0.085991,0.82532,5.0341,0.4534,0.18126,1.137,0.343,0.785,0.31109,4.6807,4.4276,0.79031,0.33913,0.92438,0.72802,0.90923,0.69076,0.36931
2,1,1,2,1,0.78263,3.1043,1.4361,0.40324,0.362,0.156,0.204,0.43454,7.1808,8.5754,0.7567,0.17597,0.81475,0.73382,0.7639,0.75559,0.18675
2,1,1,2,1,0.79362,3.0237,1.4038,0.42701,0.349,0.1495,0.193,0.43232,7.4483,8.664,0.78152,0.14187,0.79155,0.75112,0.83027,0.76623,0.20966
2,1,1,2,1,0.83562,2.7959,1.4648,0.43159,0.331,0.149,0.185,0.44611,7.8534,8.4469,0.84655,0.17737,0.85967,0.79858,0.87293,0.85137,0.19485
2,1,2,1,0.049946,0.87342,5.5592,0.4138,0.16518,1.203,0.357,0.86,0.29919,4.4239,4.6211,0.84042,0.35513,0.95728,0.77844,0.96051,0.74213,0.93969
2,1,2,1,0.079993,0.8447,5.504,0.42832,0.17193,1.163,0.346,0.833,0.29295,4.576,4.7326,0.79945,0.33973,0.93192,0.71208,0.9248,0.68827,0.44294
2,1,2,1,0.071096,0.83944,5.3885,0.43194,0.16888,1.182,0.358,0.816,0.3132,4.5025,4.5588,0.77927,0.29918,0.92356,0.76772,0.91116,0.70802,0.32509
2,1,2,2,1,0.87142,2.8913,2.7127,0.73245,0.189,0.099,0.097,0.47368,13.754,15.298,0.87501,0.016461,0.86215,0.89261,0.86796,0.7566,0
2,1,2,2,1,0.84872,3.1616,2.9297,0.70843,0.173,0.096,0.082,0.52525,15.026,18.275,0.90259,0.046808,0.86873,0.78435,0.90259,0.7566,0
2,1,2,2,1,0.83789,3.0636,2.3438,0.55321,0.2265,0.1165,0.107,0.53348,11.477,13.526,0.87505,0.073991,0.86098,0.89676,0.91378,0.8047,0.10707
2,1,3,1,0.08789,0.8514,5.9286,0.4138,0.15398,1.236,0.374,0.85,0.30681,4.3058,4.7966,0.79542,0.38414,0.91025,0.74945,0.9117,0.69157,0.26134
2,1,3,1,0.086249,0.8297,5.5117,0.45211,0.18669,1.129,0.369,0.761,0.32368,4.7138,4.882,0.75341,0.31438,0.8262,0.68753,0.8918,0.68506,0.44241
2,1,3,1,0.10424,0.89207,5.2309,0.45711,0.17099,1.077,0.378,0.718,0.3549,4.9414,4.857,0.87476,0.31662,0.93024,0.81097,0.97743,0.82121,0.63694
2,1,3,2,1,0.86903,3.5042,1.6741,0.44174,0.302,0.148,0.1595,0.48188,8.6075,11.603,0.89661,0.18386,0.88341,0.92329,0.91778,0.86645,0.21542
2,1,3,2,1,0.85148,3.3285,2.1307,0.5766,0.234,0.117,0.116,0.48163,11.109,14.224,0.84847,0.083614,0.87243,0.88209,0.8579,0.83868,0.12104
2,1,3,2,1,0.86495,3.0128,2.1307,0.56071,0.238,0.115,0.125,0.47718,10.922,12.659,0.88035,0.095862,0.91873,0.91695,0.86644,0.84652,0.2072
2,4,1,1,0.05786,0.80108,5.4722,0.44222,0.20469,1.105,0.297,0.801,0.27572,4.8162,4.9523,0.75284,0.38815,0.90305,0.66546,0.91832,0.63294,0.5286
2,4,1,1,0.085184,0.82327,5.3796,0.46875,0.1889,1.032,0.293,0.75,0.28077,5.1569,5.2128,0.75813,0.37478,0.93325,0.71366,0.88693,0.65825,0.46522
2,4,1,1,0.07999,0.82916,5.2623,0.42126,0.16787,1.186,0.3035,0.8755,0.26018,4.4873,4.437,0.77101,0.41684,0.96118,0.74652,0.9295,0.66415,0.52046
2,4,1,2,1,0.80709,3.4765,1.2638,0.45075,0.357,0.16,0.195,0.45531,7.2814,9.738,0.76341,0.15603,0.78373,0.77822,0.77292,0.71219,0.22498
2,4,1,2,1,0.82237,2.9197,1.878,0.57892,0.268,0.132,0.143,0.47955,9.6995,10.894,0.81307,0.13386,0.82402,0.86935,0.83452,0.75772,0.33485
2,4,1,2,1,0.84098,2.7898,1.8029,0.5558,0.279,0.141,0.146,0.48649,9.3171,9.9992,0.81608,0.13092,0.79057,0.88234,0.90501,0.74184,0.17789
2,4,2,1,0.092631,0.82786,5.2084,0.42832,0.15377,1.191,0.346,0.82,0.30029,4.4685,4.3731,0.73973,0.33499,0.96088,0.73735,0.90156,0.70944,0.31016
2,4,2,1,0.10211,0.86073,5.6635,0.42614,0.15592,1.18,0.332,0.837,0.28388,4.5101,4.7996,0.80791,0.40245,0.98281,0.79047,0.93692,0.70463,0.6053
2,4,2,1,0.068787,0.84351,5.6581,0.42093,0.16968,1.21,0.33,0.867,0.27903,4.3983,4.6761,0.77767,0.44803,0.9876,0.73253,0.93348,0.68837,0.71367
2,4,2,2,1,0.84357,3.2752,1.8029,0.57399,0.277,0.138,0.14,0.5,9.3843,11.824,0.84676,0.11788,0.81842,0.91498,0.86449,0.81114,0.26067
2,4,2,2,1,0.85803,3.5002,2.5391,0.66079,0.205,0.106,0.101,0.51327,12.68,17.074,0.82593,0.085056,0.8522,0.85103,0.8066,0.85329,0.14638
2,4,2,2,1,0.85476,3.4328,2.4414,0.67615,0.21,0.112,0.102,0.53302,12.378,16.347,0.8479,0.11076,0.85227,0.78435,0.83702,0.84852,0.11811
2,4,3,1,0.10284,0.81368,5.4824,0.40838,0.14529,1.1945,0.361,0.807,0.32348,4.4554,4.5897,0.79777,0.32714,0.891,0.771,0.87817,0.67635,0.26753
2,4,3,1,0.12765,0.88355,5.6891,0.43846,0.15741,1.161,0.371,0.79,0.33671,4.5839,4.9002,0.86075,0.38004,0.97679,0.86576,0.96202,0.74002,0.81777
2,4,3,1,0.10972,0.86599,5.7168,0.41853,0.15876,1.19,0.36,0.822,0.30431,4.4722,4.804,0.82226,0.36982,0.96399,0.80064,0.95776,0.71243,0.41293
2,4,3,2,1,0.82634,2.9928,1.878,0.58906,0.272,0.14,0.14,0.50183,9.5568,11.003,0.81789,0.15051,0.80587,0.93794,0.83301,0.78766,0.15901
2,4,3,2,1,0.84566,3.0153,2.1307,0.60128,0.233,0.12,0.116,0.50847,11.156,12.941,0.85577,0.15348,0.83482,0.93356,0.8751,0.82158,0.31865
2,4,3,2,1,0.85227,3.3634,2.1307,0.59324,0.233,0.123,0.119,0.49561,11.156,14.435,0.84226,0.13194,0.84603,0.96049,0.84633,0.82103,0.41503
2,5,1,1,0.11489,0.80526,5.4282,0.35383,0.14672,1.439,0.525,0.914,0.36897,3.6984,3.7722,0.74054,0.32972,0.89811,0.71168,0.86682,0.6738,0.30287
2,5,1,1,0.10208,0.85412,5.6376,0.36991,0.16575,1.384,0.468,0.904,0.34175,3.8453,4.0734,0.78959,0.3458,0.93778,0.73254,0.92128,0.74637,0.49373
2,5,1,1,0.11117,0.82661,5.5681,0.36621,0.17062,1.323,0.417,0.883,0.33065,4.0226,4.2087,0.74807,0.32664,0.9123,0.69268,0.8972,0.69388,0.28551
2,5,1,2,1,0.78029,3.4087,0.97656,0.25074,0.555,0.294,0.2785,0.50806,4.6852,6.1438,0.76516,0.17869,0.75089,0.78452,0.77077,0.72599,0.25344
2,5,1,2,1,0.86771,3.6291,1.019,0.30462,0.478,0.24,0.232,0.50939,5.4382,7.5924,0.86181,0.14516,0.87478,0.90944,0.83434,0.82119,0.19404
2,5,1,2,1,0.83683,3.4048,1.0653,0.30838,0.476,0.24,0.237,0.50568,5.4611,7.153,0.85558,0.15402,0.84724,0.86024,0.83053,0.83188,0.19015
2,5,2,1,0.080284,0.80363,5.5393,0.43777,0.15793,1.176,0.373,0.807,0.31013,4.5254,4.7103,0.70917,0.3385,0.79,0.62809,0.83523,0.67948,0.57776
2,5,2,1,0.05187,0.82505,5.4839,0.47907,0.19822,1.063,0.355,0.725,0.3293,5.0065,5.1589,0.7547,0.25655,0.88009,0.73075,0.87248,0.69918,0.4536
2,5,2,1,0.099161,0.8529,5.671,0.47743,0.19298,1.011,0.348,0.658,0.3627,5.264,5.6093,0.78784,0.2544,0.9026,0.77637,0.90308,0.71666,0.28848
2,5,2,2,1,0.83241,3.3965,1.5625,0.46009,0.316,0.16,0.152,0.5125,8.2261,10.748,0.80919,0.14451,0.72327,0.89895,0.84334,0.77842,0.18977
2,5,2,2,1,0.86261,3.2216,1.4648,0.4316,0.34,0.166,0.172,0.49379,7.6455,9.4752,0.86812,0.12893,0.83966,0.92206,0.90713,0.81267,0.14618
2,5,2,2,1,0.85122,3.6111,1.4974,0.42923,0.33,0.16,0.167,0.49123,7.8772,10.943,0.86241,0.11304,0.8478,0.88555,0.86201,0.84315,0.18436
2,5,3,1,0.083698,0.84561,5.7537,0.51153,0.20176,1,0.3065,0.693,0.30953,5.3219,5.7538,0.78276,0.31861,0.9228,0.71877,0.92611,0.69152,0.99661
2,5,3,1,0.13251,0.85119,5.5302,0.49867,0.19718,0.962,0.32,0.651,0.32655,5.5321,5.7487,0.83753,0.31004,0.92074,0.74619,0.92914,0.7391,0.44024
2,5,3,1,0.090494,0.85616,5.7858,0.44759,0.17177,1.1015,0.329,0.7845,0.29568,4.8315,5.2527,0.81283,0.3437,0.93421,0.72704,0.94882,0.72813,0.43199
2,5,3,2,1,0.86507,3.8695,1.6276,0.46937,0.314,0.154,0.155,0.49833,8.2785,12.323,0.88102,0.14248,0.84922,0.88477,0.88978,0.87149,0.14386
2,5,3,2,1,0.86198,3.5272,1.7278,0.4954,0.287,0.144,0.142,0.50175,9.0574,12.29,0.87956,0.09759,0.83748,0.90864,0.90186,0.85675,0.14389
2,5,3,2,1,0.83193,2.817,1.8029,0.51581,0.277,0.143,0.137,0.51103,9.3843,10.17,0.88924,0.16454,0.71983,0.88893,0.90289,0.86262,0.2693
2,7,1,1,0.39405,0.79094,5.2867,0.28076,0.11889,1.64,0.611,1.038,0.37667,3.2451,3.2236,0.74104,0.37179,0.93141,0.66138,0.8303,0.68049,0.33452
2,7,1,1,0.23511,0.78372,5.5776,0.37339,0.14106,1.413,0.485,0.908,0.35714,3.7664,3.9473,0.697,0.35546,0.80585,0.60764,0.80946,0.61858,0.56204
2,7,1,1,0.18792,0.82048,5.2777,0.31196,0.13853,1.487,0.494,0.962,0.34437,3.579,3.5492,0.78547,0.34707,0.94029,0.74149,0.90905,0.68879,0.50124
2,7,1,2,1,0.77258,2.7579,1.237,0.51143,0.281,0.1465,0.139,0.52452,9.2512,9.8151,0.79114,0.17594,0.80098,0.78435,0.76867,0.79261,0.27754
2,7,1,2,1,0.75566,2.8351,1.6927,0.45055,0.31,0.157,0.151,0.52322,8.3854,9.1456,0.75846,0.16669,0.76436,0.85935,0.75043,0.72841,0.17066
2,7,1,2,1,0.78008,2.8626,1.3787,0.41849,0.354,0.1805,0.1695,0.51695,7.3431,8.0865,0.81944,0.17658,0.83743,0.88769,0.78033,0.789,0.18852
2,7,2,1,0.076179,0.83594,5.5604,0.42379,0.16998,1.186,0.404,0.778,0.34401,4.4873,4.6884,0.78922,0.32651,0.92373,0.73576,0.886,0.74588,0.35603
2,7,2,1,0.069453,0.84867,5.8868,0.40537,0.18221,1.1865,0.417,0.789,0.34759,4.4854,4.9615,0.78577,0.3215,0.92509,0.7348,0.87252,0.7412,2.0397
2,7,2,1,0.15849,0.88047,5.8268,0.43403,0.17268,1.103,0.405,0.713,0.35997,4.825,5.2827,0.83088,0.329,0.98477,0.80149,0.89048,0.7783,1.1083
2,7,2,2,1,0.81134,3.1102,1.8834,0.51743,0.279,0.138,0.14,0.5,9.3171,11.148,0.83361,0.15413,0.85596,0.92997,0.80383,0.76785,0.18921
2,7,2,2,1,0.7773,2.6522,1.6276,0.45843,0.308,0.158,0.152,0.5092,8.4398,8.6111,0.8272,0.21456,0.87164,0.93176,0.80805,0.74418,0.17319
2,7,2,2,1,0.84479,3.2533,1.8029,0.48048,0.281,0.144,0.139,0.50896,9.2508,11.577,0.8652,0.1267,0.87045,0.90922,0.84886,0.83317,0.33598
2,7,3,1,0.083672,0.8427,5.653,0.43634,0.19324,1.1205,0.4005,0.7195,0.37137,4.7496,5.0451,0.7857,0.29608,0.88758,0.77103,0.86517,0.70813,1.2877
2,7,3,1,0.085635,0.84242,5.7723,0.44222,0.20023,1.112,0.412,0.702,0.37366,4.7859,5.1909,0.77783,0.29567,0.87355,0.76343,0.85016,0.69169,1.4644
2,7,3,1,0.065966,0.80954,5.8506,0.51945,0.22602,0.995,0.368,0.631,0.36739,5.3487,5.88,0.70476,0.29645,0.78107,0.65797,0.76949,0.63212,1.0952
2,7,3,2,1,0.83191,3.4201,1.8717,0.53673,0.258,0.129,0.127,0.50893,10.075,13.256,0.81305,0.12548,0.84505,0.86761,0.78699,0.78225,0.14284
2,7,3,2,1,0.83564,3.6086,2.2461,0.59103,0.221,0.115,0.109,0.52174,11.762,16.329,0.82255,0.19656,0.8175,0.78435,0.83457,0.82098,0.36625
2,7,3,2,1,0.85417,3.3045,2.2461,0.63324,0.222,0.115,0.109,0.51364,11.709,14.885,0.8396,0.1074,0.82742,0.86237,0.84231,0.82357,0.15977
2,10,1,1,0.07039,0.8425,5.3142,0.44582,0.18628,1.108,0.3945,0.701,0.3714,4.8033,4.7963,0.76963,0.32846,0.89979,0.73793,0.84311,0.72132,0.77223
2,10,1,1,0.12398,0.8258,4.9325,0.46064,0.16876,1.087,0.438,0.653,0.40777,4.896,4.5377,0.78965,0.32096,0.87781,0.74324,0.85218,0.75289,0.36363
2,10,1,1,0.077233,0.86773,5.2602,0.36621,0.15213,1.279,0.514,0.813,0.37082,4.161,4.1127,0.84093,0.27829,0.96274,0.81205,0.87807,0.77638,0.28853
2,10,1,2,0.26151,0.81201,3.7014,0.67817,0.21233,0.754,0.353,0.394,0.46592,3.4476,4.909,0.78852,0.18292,0.8151,0.77918,0.81241,0.76004,0.1598
2,10,1,2,1,0.8495,3.4384,0.83189,0.28224,0.605,0.288,0.328,0.47258,4.2966,5.6832,0.84922,0.14719,0.87353,0.81374,0.83959,0.83699,0.18619
2,10,1,2,1,0.84549,2.9379,0.84186,0.28052,0.594,0.288,0.313,0.47627,4.3762,4.946,0.85095,0.19846,0.90151,0.81269,0.83387,0.87592,0.16608
2,10,2,1,0.061686,0.82657,6.3812,0.2917,0.16742,1.575,0.485,1.082,0.32464,3.379,4.0515,0.75152,0.39496,0.95541,0.73606,0.77892,0.59487,0.36879
2,10,2,1,0.044509,0.81479,6.2854,0.33031,0.16232,1.515,0.46,1.049,0.30205,3.5128,4.1488,0.68558,0.38245,0.94661,0.7175,0.77044,0.58232,0.41155
2,10,2,1,0.052013,0.7976,5.909,0.3155,0.18603,1.4425,0.4425,0.972,0.3204,3.6894,4.0964,0.63413,0.43587,0.79193,0.59251,0.70068,0.59778,0.76416
2,10,2,2,0.65543,0.8232,3.2677,0.89844,0.29589,0.546,0.244,0.303,0.44401,4.7609,5.9848,0.83202,0.16097,0.83954,0.75429,0.89175,0.84452,0.21549
2,10,2,2,1,0.82074,3.5846,0.97656,0.32461,0.518,0.233,0.283,0.45149,5.0183,6.92,0.80753,0.14493,0.77967,0.76626,0.8831,0.832,0.2928
2,10,2,2,1,0.84811,4.1157,0.9375,0.30968,0.54,0.2455,0.287,0.45615,4.8139,7.6217,0.8267,0.21367,0.80008,0.7572,0.89221,0.87839,0.25495
2,10,3,1,0.037505,0.83165,6.1845,0.45956,0.30562,1.074,0.319,0.762,0.3019,4.9552,5.7583,0.65084,0.3517,0.87131,0.62498,0.88547,0.61111,0.99707
2,10,3,1,0.028422,0.86557,6.2549,0.48828,0.31043,1.022,0.313,0.71,0.30515,5.2074,6.1203,0.73103,0.3674,0.93962,0.68854,0.95082,0.67513,1.2787
2,10,3,1,0.041585,0.82613,5.7533,0.48828,0.31012,1.042,0.324,0.721,0.308,5.1074,5.5214,0.66588,0.31801,0.85433,0.59957,0.8943,0.65206,0.79169
2,10,3,2,0.4661,0.88484,4.2964,0.93587,0.32542,0.5395,0.223,0.3155,0.41106,4.8184,7.9639,0.87237,0.22406,0.91277,0.82368,0.9417,0.85004,0.52161
2,10,3,2,1,0.83742,4.2222,1.0653,0.35749,0.474,0.203,0.273,0.4128,5.4841,8.9075,0.84579,0.16773,0.86869,0.80394,0.89813,0.79879,0.30262
2,10,3,2,0.44926,0.8783,3.897,1.021,0.34631,0.491,0.208,0.282,0.41856,5.2942,7.9369,0.88373,0.18321,0.91946,0.8383,0.91733,0.85469,0.16953
