grp,pp,S,DID,peakVelL,peakVelR,MTL,MTR,accTimeL,accTimeR,decTimeL,decTimeR,accQL,accQR,IPerfL,IPerfR,IPerfEfL,IPerfEfR,HarmonicityL,HarmonicityR,fL,fR,vfTrajCircularityL,vfTrajCircularityR,vfCircularityL,vfCircularityR,q1L,q1R,q2L,q2R,q3L,q3R,q4L,q4R,maxangleL,maxangleR,MI,rho,flsPC,flsAmp,phDiffMean,phDiffStd,d4D,d3D,d2D,d1D,minPeakDelay,minPeakDelayNorm
1,2,1,1,0.83141,0.7765,1.694,1.7625,0.63,0.5865,1.06,1.111,0.36998,0.34315,3.1416,3.0196,-1.433,-1.3666,0.072793,0.096797,0.29033,0.29033,0.64884,0.59945,0.43888,0.4552,0.92073,0.88601,0.64265,0.57472,0.89832,0.8952,0.56493,0.51604,2.8293,2.8535,0.71977,1,0.99401,0.58444,-0.023636,0.0041439,1.1883,0.17835,1.1182,-0.018561,-0.0155,-0.0183
1,2,1,1,0.76305,0.75745,1.7245,1.7235,0.608,0.5925,1.08,1.1395,0.35649,0.34032,3.0861,3.0879,-1.4376,-1.4194,0.085001,0.11984,0.30227,0.30227,0.68119,0.65169,0.38343,0.49845,0.87078,0.92437,0.64732,0.57908,0.90988,0.79558,0.61098,0.52399,2.1331,2.9616,0.67353,1,0.99385,0.59617,-0.036093,0.017451,1.161,0.24744,1.0811,-0.008192,-0.0455,-0.052769
1,2,1,1,0.75243,0.81194,1.846,1.8555,0.641,0.6345,1.223,1.2195,0.34078,0.33247,2.883,2.8682,-1.3382,-1.3198,0.065563,0.091711,0.26829,0.26829,0.69789,0.6315,0.35284,0.46377,0.87344,0.92551,0.59665,0.58467,0.85141,0.89281,0.64247,0.53524,3.1416,2.4405,0.72724,1,0.97834,0.59645,-0.068738,0.0097724,1.1959,0.24718,1.1228,-0.045055,0.0085,0.0092091
1,2,1,2,0.61808,0.71353,1.5945,1.623,0.573,0.5485,1.0195,1.0535,0.35416,0.33605,3.3377,2.4647,-1.5788,-1.4573,0.076047,0.081442,0.30141,0.30141,0.61576,0.606,0.50082,0.42558,0.75416,0.8132,0.51359,0.53679,0.75713,0.8295,0.5569,0.56796,2.6338,3.1416,0.71182,1,0.97324,0.65888,0.056543,0.010306,1.1643,0.20584,1.107,0.026622,-0.013,-0.016306
1,2,1,2,0.83537,0.77039,1.7305,1.729,0.5715,0.5875,1.1735,1.1545,0.32551,0.33301,3.0754,2.3135,-1.447,-1.3908,0.066873,0.093205,0.29871,0.28722,0.71451,0.59323,0.41032,0.43539,0.93168,0.87361,0.60996,0.55003,0.93016,0.88323,0.57772,0.58046,2.0543,2.2614,0.72196,1,0.98244,0.46661,0.029104,0.0070362,1.1766,0.21513,1.0933,0.01829,-0.042,-0.048541
1,2,1,2,0.76201,0.75925,1.5825,1.5715,0.523,0.554,1.045,1.002,0.33592,0.35028,3.363,2.5455,-1.5686,-1.5037,0.08532,0.10273,0.313,0.313,0.66333,0.64288,0.32849,0.41311,0.88606,0.86147,0.60556,0.56206,0.82822,0.8267,0.62426,0.52812,2.8973,3.1416,0.72371,1,0.98569,0.65219,0.065662,0.00921,1.1578,0.2367,1.0704,0.056054,-0.022,-0.027804
1,2,1,3,0.79424,0.82001,1.331,1.3085,0.4585,0.424,0.8765,0.902,0.33762,0.31694,3.9985,1.9867,-1.8869,-1.7961,0.056069,0.052422,0.36821,0.36821,0.72495,0.72645,0.35995,0.34684,0.93637,0.85495,0.71611,0.67544,0.85668,0.85227,0.63968,0.61707,2.6347,1.7707,0.80706,1,0.98468,0.73592,0.089169,0.0076257,1.1677,0.28922,1.0462,0.062887,0.0045,0.0067618
1,2,1,3,0.80293,0.76384,1.462,1.484,0.498,0.457,0.99,1.004,0.32429,0.32673,3.6402,1.7517,-1.7274,-1.5729,0.053955,0.10052,0.32552,0.32552,0.70991,0.73373,0.34953,0.3792,0.87362,0.81191,0.64153,0.56615,0.91115,0.83782,0.65698,0.52495,3.1416,3.1416,0.71636,1,0.94849,0.75,0.05519,0.011375,1.1301,0.33183,1.0135,0.045881,-0.04,-0.05472
1,2,1,3,0.68426,0.75661,1.392,1.349,0.419,0.438,0.949,0.944,0.318,0.30827,3.8232,1.927,-1.8158,-1.6806,0.046892,0.060957,0.37202,0.37202,0.69555,0.62965,0.40106,0.34058,0.83635,0.77562,0.59476,0.60046,0.81269,0.81971,0.59422,0.49886,2.9462,1.8647,0.73314,1,0.9291,0.84259,0.052284,0.0095222,1.1069,0.3142,1.0043,0.032741,-0.022,-0.031609
1,2,2,1,0.68461,0.70865,1.259,1.234,0.463,0.4315,0.767,0.8225,0.38259,0.34364,4.2274,4.3129,-1.9634,-2.0661,0.10905,0.29107,0.40023,0.40023,0.59934,0.62453,0.32959,0.52141,0.72337,0.8099,0.5566,0.56029,0.80402,0.84648,0.58492,0.5408,2.9055,1.9184,0.71475,1,0.9657,0.82016,-0.24086,0.028789,1.1492,0.35347,1.0758,-0.15646,0.0025,0.0039714
1,2,2,1,0.69084,0.76272,1.2415,1.2255,0.474,0.4115,0.7585,0.825,0.37248,0.32647,4.2868,4.3432,-1.988,-2.0357,0.08951,0.09514,0.40409,0.40409,0.59898,0.65054,0.32767,0.48057,0.81811,0.85556,0.56699,0.55983,0.74969,0.87556,0.58212,0.52144,2.1555,2.0096,0.63951,1,0.97142,0.81352,-0.22656,0.026096,1.1367,0.33981,1.0534,-0.14802,-0.067,-0.10793
1,2,2,1,0.76866,0.77622,1.332,1.362,0.508,0.462,0.842,0.892,0.37734,0.34401,3.9954,3.9074,-1.8273,-1.8402,0.074903,0.12557,0.36821,0.36821,0.64146,0.65707,0.29165,0.60961,0.88192,0.81715,0.57582,0.53599,0.84454,0.9483,0.61096,0.52457,2.4488,2.3191,0.64504,1,0.95666,0.79698,-0.20896,0.013733,1.1455,0.33298,1.0644,-0.15629,-0.032,-0.048048
1,2,2,2,0.69407,0.71368,1.203,1.191,0.372,0.413,0.805,0.7715,0.32154,0.33924,4.4239,3.359,-2.1217,-2.0407,0.078434,0.16852,0.41594,0.41594,0.62757,0.6056,0.40116,0.41852,0.76139,0.78526,0.5854,0.57057,0.86111,0.85051,0.58661,0.50209,1.9616,2.0308,0.73115,1,0.95066,0.86263,-0.082505,0.012571,1.0879,0.39465,0.96331,-0.050971,-0.051,-0.084788
1,2,2,2,0.65621,0.6123,1.1925,1.198,0.3495,0.4315,0.838,0.758,0.29616,0.3475,4.4629,3.339,-2.145,-2.0447,0.048229,0.16468,0.43777,0.43777,0.61681,0.64487,0.42344,0.51782,0.75297,0.75243,0.54105,0.54031,0.79134,0.7788,0.5939,0.50781,3.1416,3.095,0.68232,1,0.9729,0.83727,-0.075493,0.017554,1.0612,0.32817,0.96416,-0.046688,-0.058,-0.097275
1,2,2,2,0.76401,0.81392,1.167,1.157,0.38,0.422,0.783,0.741,0.32578,0.37257,4.5603,3.4572,-2.1874,-2.1255,0.076565,0.17823,0.43597,0.43597,0.70412,0.75162,0.31806,0.43818,0.87862,0.87122,0.62906,0.59838,0.81938,0.95279,0.64623,0.54277,1.5708,3.1416,0.62533,1,0.95229,0.87862,-0.25002,0.024693,1.1169,0.45239,0.95208,-0.17847,-0.084,-0.14396
1,2,2,3,0.70359,0.70482,1.021,1.013,0.2745,0.2705,0.7465,0.7565,0.26162,0.26359,5.2125,2.5661,-2.4749,-2.3518,0.071343,0.063461,0.47871,0.47871,0.65048,0.6521,0.45301,0.36774,0.87932,0.79861,0.58618,0.55808,0.75822,0.79702,0.57973,0.53925,2.3474,1.6531,0.7456,1,0.97093,0.88956,0.038679,0.0084504,1.0506,0.35013,0.90901,0.018257,-0.002,-0.0039177
1,2,2,3,0.80496,0.62289,0.931,0.9195,0.232,0.2405,0.675,0.671,0.25013,0.26383,5.7165,2.827,-2.7198,-2.638,0.053401,0.097104,0.49913,0.49913,0.61009,0.59085,0.30226,0.35112,0.86076,0.74365,0.58717,0.51292,0.96252,0.78215,0.58342,0.56933,1.5077,1.7572,0.7485,1,0.9657,0.91289,-0.036653,0.008649,1.0862,0.31108,0.97183,-0.023914,-0.0065,-0.013963
1,2,2,3,0.67361,0.7006,0.889,0.876,0.229,0.236,0.645,0.6465,0.26615,0.272,5.9864,2.9675,-2.8395,-2.7738,0.034278,0.05086,0.55804,0.55804,0.60706,0.62015,0.34656,0.35791,0.82468,0.83192,0.56892,0.56926,0.75883,0.79836,0.57731,0.52913,2.193,1.677,0.79145,1,0.97715,0.93578,-0.070429,0.0076615,1.0733,0.31798,0.95479,-0.0638,-0.0175,-0.03937
1,2,3,1,0.6211,0.70834,1.126,1.095,0.414,0.369,0.727,0.749,0.36017,0.32941,4.7264,4.8602,-2.2389,-2.2765,0.052649,0.11058,0.47871,0.47871,0.66303,0.62895,0.33895,0.35275,0.74317,0.85419,0.57246,0.60007,0.72128,0.78641,0.63063,0.56535,2.3172,1.99,0.75349,1,0.97983,0.87169,-0.06972,0.010526,1.1485,0.31554,1.0499,-0.067547,-0.055,-0.097691
1,2,3,1,0.72559,0.78594,1.1065,1.1055,0.408,0.4065,0.7005,0.717,0.3689,0.35925,4.8097,4.814,-2.3273,-2.2743,0.084749,0.19863,0.44389,0.44389,0.73521,0.70673,0.30632,0.3691,0.829,0.92047,0.61882,0.64508,0.83461,0.87386,0.70475,0.57833,1.5708,2.9274,0.74093,1,0.99069,0.80784,-0.10512,0.014019,1.1727,0.44098,1.017,-0.084589,-0.1225,-0.22142
1,2,3,1,0.70648,0.75249,1.144,1.132,0.378,0.38,0.75,0.751,0.31951,0.31902,4.652,4.7013,-2.1572,-2.1762,0.056548,0.089501,0.46165,0.46165,0.63706,0.6434,0.33871,0.36561,0.85353,0.90024,0.5718,0.59399,0.76986,0.86335,0.60653,0.58498,2.3444,3.1416,0.80647,1,0.99106,0.82525,-0.084086,0.0072856,1.1697,0.23811,1.0901,-0.063237,-0.033,-0.057692
1,2,3,2,0.66948,0.76155,0.936,0.925,0.254,0.287,0.674,0.637,0.27411,0.31144,5.6858,4.3243,-2.7206,-2.6902,0.035928,0.09389,0.52083,0.52083,0.65046,0.61127,0.39676,0.41679,0.83505,0.87666,0.57499,0.57653,0.8134,0.86794,0.60108,0.54111,2.9225,2.039,0.74509,1,0.98072,0.90401,-0.061406,0.01008,1.1191,0.33946,0.99824,-0.051251,-0.031,-0.066239
1,2,3,2,0.71408,0.73996,0.938,0.914,0.281,0.239,0.655,0.678,0.29304,0.25762,5.6737,4.3764,-2.6856,-2.714,0.05103,0.047497,0.54506,0.54506,0.69671,0.62827,0.32768,0.40275,0.82531,0.86177,0.59615,0.59047,0.81655,0.84356,0.61328,0.53522,1.5708,1.5282,0.74322,1,0.99235,0.89291,-0.035006,0.0098991,1.095,0.42606,0.92958,-0.040699,-0.027,-0.057569
1,2,3,2,0.77008,0.74284,1.0585,1.051,0.2895,0.308,0.753,0.7315,0.27232,0.29966,5.0279,3.8059,-2.3959,-2.3263,0.044842,0.076064,0.4695,0.4695,0.68509,0.69559,0.37168,0.37759,0.88697,0.88001,0.62265,0.59154,0.8673,0.84801,0.66837,0.52865,1.5018,3.1416,0.75542,1,0.97349,0.87699,-0.027375,0.0080351,1.1064,0.39745,0.95219,-0.027563,-0.0255,-0.048181
1,2,3,3,0.6821,0.78436,0.962,0.962,0.271,0.269,0.692,0.702,0.2831,0.27884,5.5321,2.7021,-2.6534,-2.57,0.03591,0.044117,0.53267,0.53267,0.6832,0.62032,0.3524,0.36768,0.82499,0.87743,0.59793,0.57741,0.81255,0.87121,0.60874,0.57921,1.5201,2.0248,0.74956,1,0.98231,0.9099,0.073224,0.013717,1.1052,0.4178,0.93828,0.027009,0,0
1,2,3,3,0.71423,0.7755,0.9195,0.93,0.264,0.2505,0.6595,0.6605,0.28226,0.27447,5.7879,2.7951,-2.78,-2.5975,0.04166,0.051351,0.53074,0.53074,0.73149,0.65212,0.36089,0.40324,0.78478,0.82392,0.59233,0.62192,0.85205,0.8606,0.63884,0.55334,1.5051,1.5708,0.72484,1,0.95827,0.94206,0.11738,0.022778,1.0879,0.46168,0.90708,0.059675,0.0085,0.018488
1,2,3,3,0.63121,0.60276,0.8855,0.8915,0.246,0.221,0.644,0.674,0.2737,0.24368,6.0101,2.9158,-2.8883,-2.7592,0.040308,0.037251,0.53267,0.53267,0.66365,0.66424,0.34786,0.4063,0.76606,0.74841,0.58536,0.56847,0.74391,0.73343,0.62605,0.48668,1.4715,2.3728,0.73176,1,0.97724,0.91975,0.054047,0.010804,1.059,0.38996,0.92325,0.026222,-0.0005,-0.0011293
1,3,1,1,0.83407,0.84514,1.7505,1.7255,0.667,0.643,1.031,1.056,0.37936,0.38954,3.0404,3.0844,-1.4046,-1.4123,0.10046,0.072036,0.3102,0.3102,0.76565,0.74892,0.36512,0.40431,0.92775,0.94217,0.70995,0.72901,0.90829,0.88807,0.691,0.64588,2.7879,2.7857,0.74354,1,0.9982,0.53871,0.088344,0.0080678,1.2933,0.17084,1.2349,0.050445,0.0135,0.015424
1,3,1,1,0.8389,0.86688,1.637,1.57,0.574,0.58,1.082,0.974,0.35913,0.36753,3.251,3.3898,-1.4984,-1.5739,0.084409,0.064527,0.31635,0.31635,0.74107,0.74565,0.34132,0.36226,0.93233,0.95038,0.73067,0.72795,0.87075,0.90676,0.6385,0.64128,3.1416,3.1416,0.75921,1,0.99542,0.53154,0.080822,0.0053788,1.2811,0.19065,1.2041,0.05546,0.01,0.012217
1,3,1,1,0.85732,0.77902,1.6555,1.696,0.6025,0.636,1.059,1.068,0.34532,0.36045,3.215,3.1381,-1.4946,-1.4484,0.054724,0.064105,0.29871,0.29871,0.7789,0.73818,0.36907,0.36763,0.94484,0.90104,0.70159,0.65137,0.91642,0.87772,0.66895,0.6527,3.1416,3.1416,0.72651,1,0.9989,0.52757,0.05025,0.0040225,1.3001,0.1602,1.2441,0.030901,-0.025,-0.030202
1,3,1,2,0.74516,0.78063,2.015,2.0435,0.763,0.764,1.242,1.226,0.38141,0.38701,2.6412,1.9575,-1.2394,-1.1951,0.11244,0.089106,0.2414,0.2414,0.74168,0.74261,0.3428,0.36072,0.8754,0.85516,0.6583,0.68083,0.86591,0.88091,0.63755,0.63041,2.9404,2.4368,0.73743,1,0.99852,0.47843,0.059789,0.0047154,1.2671,0.18782,1.2199,0.034795,0.0135,0.0134
1,3,1,2,0.875,0.81944,1.5355,1.5445,0.5735,0.59,0.961,0.9665,0.3778,0.37411,3.4659,2.5899,-1.6051,-1.5356,0.061587,0.052327,0.32124,0.32124,0.78742,0.76096,0.36982,0.37971,0.94712,0.89477,0.72686,0.75358,0.92031,0.85697,0.69331,0.60843,2.6427,3.1416,0.73385,1,0.99914,0.59861,0.08311,0.01038,1.2557,0.19373,1.1867,0.051956,-0.007,-0.0091176
1,3,1,2,0.90439,0.84263,1.5735,1.591,0.6045,0.604,0.972,0.991,0.37793,0.37597,3.3822,2.5141,-1.5783,-1.5006,0.052893,0.044322,0.313,0.313,0.79958,0.78046,0.40129,0.3648,0.96981,0.93193,0.74715,0.77189,0.94891,0.89913,0.7294,0.6164,2.8729,3.1416,0.72047,1,0.99901,0.59019,0.06699,0.0077303,1.2924,0.17224,1.2343,0.030941,-0.037,-0.047029
1,3,1,3,0.88266,0.86061,1.3005,1.276,0.469,0.459,0.817,0.824,0.35918,0.36776,4.0923,2.0372,-1.9293,-1.8532,0.062832,0.051794,0.39673,0.39673,0.8221,0.77046,0.31778,0.28984,0.95693,0.90891,0.78292,0.79823,0.9189,0.8741,0.71089,0.61915,3.1416,1.7215,0.78637,1,0.97382,0.79989,0.079678,0.0061054,1.2185,0.31809,1.0969,0.054669,0.023,0.035371
1,3,1,3,0.79632,0.80577,1.3135,1.2915,0.486,0.4665,0.816,0.8225,0.36918,0.36907,4.0517,2.0127,-1.8776,-1.8195,0.059254,0.031574,0.39405,0.39405,0.73684,0.75158,0.32416,0.2429,0.903,0.82323,0.69198,0.73958,0.86913,0.8281,0.64431,0.6172,3.1416,2.5947,0.76653,1,0.99864,0.70192,0.074123,0.0054085,1.214,0.20746,1.1493,0.039695,0.01,0.015226
1,3,1,3,0.81938,0.80566,1.519,1.511,0.5,0.4795,0.998,1.091,0.34429,0.31142,3.5036,1.7204,-1.6615,-1.5905,0.051919,0.023352,0.33854,0.33854,0.76609,0.73885,0.34938,0.34031,0.93328,0.88618,0.73522,0.73591,0.88198,0.86243,0.68071,0.59674,3.1416,3.1416,0.76217,1,0.9881,0.68338,0.062762,0.006734,1.2044,0.30405,1.0871,0.036139,0.03,0.0395
1,3,2,1,0.74465,0.81199,1.577,1.6515,0.613,0.668,0.957,0.952,0.39055,0.41225,3.375,3.2225,-1.5501,-1.4911,0.11439,0.11988,0.29668,0.29668,0.7781,0.79404,0.28278,0.29701,0.79479,0.85381,0.67398,0.72438,0.89282,0.91241,0.72658,0.75483,3.1416,2.8141,0.75704,1,0.99319,0.49392,0.098377,0.0087898,1.2461,0.23371,1.1935,0.059093,-0.0045,-0.005707
1,3,2,1,0.75895,0.86813,1.616,1.6455,0.5655,0.6535,1.03,0.995,0.36838,0.40282,3.2943,3.2342,-1.5744,-1.5218,0.12419,0.10775,0.30353,0.30353,0.76311,0.82456,0.31511,0.28624,0.82382,0.89371,0.68347,0.74392,0.92786,0.93038,0.73424,0.78599,2.8544,3.1416,0.74449,1,0.99757,0.52461,0.096053,0.011066,1.2937,0.28789,1.2181,0.065824,0.0445,0.055074
1,3,2,1,0.77962,0.81845,1.5245,1.4915,0.5895,0.574,0.9395,0.9225,0.38477,0.38617,3.491,3.5682,-1.6772,-1.6775,0.11935,0.10828,0.33854,0.33854,0.79335,0.79822,0.29868,0.2912,0.81624,0.87409,0.69845,0.72121,0.93553,0.91133,0.7701,0.75845,3.1269,2.8251,0.76695,1,0.99974,0.59745,0.10197,0.008569,1.2731,0.32158,1.1892,0.06778,-0.0005,-0.00065595
1,3,2,2,0.80665,0.77966,1.3855,1.3415,0.5155,0.565,0.8485,0.8245,0.38229,0.40519,3.8412,2.9817,-1.8089,-1.8173,0.10077,0.10205,0.35903,0.35903,0.76811,0.75754,0.30097,0.27433,0.81141,0.78975,0.67292,0.69797,0.9333,0.87991,0.76942,0.73808,2.7475,1.8124,0.77622,1,0.99954,0.65032,0.10044,0.0072645,1.2365,0.27479,1.1729,0.065034,0.0485,0.070011
1,3,2,2,0.78191,0.78369,1.365,1.379,0.504,0.547,0.881,0.84,0.36466,0.39871,3.8988,2.9007,-1.8468,-1.8107,0.085561,0.09463,0.36821,0.36821,0.73905,0.8024,0.28434,0.27555,0.80079,0.81995,0.65195,0.68602,0.89889,0.92162,0.74674,0.79425,2.735,2.5436,0.7692,1,0.99875,0.62427,0.13155,0.010668,1.234,0.34797,1.1432,0.086011,0.056,0.082051
1,3,2,2,0.82335,0.86763,1.413,1.4115,0.533,0.5695,0.8705,0.8055,0.37854,0.42279,3.7664,2.8339,-1.7519,-1.7542,0.093797,0.089927,0.35903,0.35903,0.80582,0.84675,0.28705,0.27969,0.83346,0.887,0.73989,0.799,0.91649,0.91611,0.73656,0.79903,2.0788,3.1416,0.7716,1,0.99743,0.60219,0.10746,0.0089769,1.2173,0.42772,1.0919,0.090142,0.0645,0.091295
1,3,2,3,0.76813,0.84021,1.274,1.2475,0.4965,0.547,0.756,0.7225,0.39567,0.43489,4.1775,2.0837,-1.9778,-1.9555,0.079785,0.06759,0.39405,0.39405,0.73843,0.81977,0.30882,0.21753,0.78561,0.77664,0.68044,0.75864,0.90896,0.89193,0.75571,0.75426,2.0854,1.565,0.78915,1,0.99852,0.7072,0.12777,0.0098472,1.2167,0.33741,1.1403,0.077665,0.074,0.11617
1,3,2,3,0.78543,0.81476,1.306,1.325,0.487,0.5565,0.815,0.764,0.36525,0.42887,4.0751,1.9619,-1.9736,-1.8471,0.0513,0.066508,0.38069,0.38069,0.81945,0.78273,0.29748,0.25133,0.82993,0.78523,0.72106,0.74804,0.94094,0.88388,0.76884,0.74233,1.6654,2.0699,0.78603,1,0.99148,0.72838,0.11706,0.012063,1.2105,0.44193,1.0954,0.069937,0.0905,0.13859
1,3,2,3,0.82544,0.86266,1.303,1.287,0.491,0.544,0.7925,0.732,0.3861,0.43187,4.0844,2.02,-1.961,-1.9054,0.061013,0.065207,0.38147,0.38147,0.83452,0.84237,0.29392,0.23032,0.85612,0.83435,0.74808,0.79279,0.9707,0.93639,0.79391,0.78188,3.1416,1.3777,0.76009,1,0.99428,0.71875,0.11324,0.010009,1.2275,0.40915,1.1248,0.071644,0.114,0.17498
1,3,3,1,0.86533,0.87026,1.3405,1.29,0.569,0.5665,0.7245,0.747,0.42093,0.42047,3.9722,4.1255,-1.8436,-1.9173,0.1129,0.072551,0.38365,0.38365,0.83486,0.83564,0.23793,0.21958,0.86952,0.88801,0.78229,0.7704,0.93231,0.92488,0.79034,0.77438,3.1416,2.9945,0.71477,1,0.99944,0.65309,0.05527,0.0051808,1.2933,0.19853,1.2516,0.03724,-0.0015,-0.002238
1,3,3,1,0.86947,0.8343,1.25,1.314,0.546,0.561,0.743,0.748,0.41912,0.41674,4.2575,4.0502,-1.9936,-1.8899,0.095981,0.083802,0.38365,0.38365,0.8465,0.81041,0.27898,0.28351,0.90832,0.87307,0.7997,0.7571,0.92959,0.88871,0.76514,0.77988,3.1416,2.8691,0.71387,1,0.99993,0.67255,0.034175,0.0038852,1.3028,0.21084,1.257,0.021941,-0.007,-0.0112
1,3,3,1,0.83754,0.90832,1.2945,1.278,0.513,0.5245,0.746,0.743,0.42685,0.40838,4.1125,4.1646,-1.8819,-1.9241,0.089435,0.08446,0.38726,0.38726,0.82518,0.85758,0.27172,0.26875,0.86673,0.91182,0.75055,0.82153,0.93231,0.90161,0.78769,0.78292,3.0835,2.2658,0.67992,1,0.99995,0.66994,-0.0056737,0.0043214,1.2818,0.19643,1.237,0.009703,-0.0095,-0.014677
1,3,3,2,0.83063,0.84934,1.1185,1.1145,0.4535,0.4695,0.63,0.629,0.4117,0.42286,4.7583,3.5891,-2.2378,-2.2161,0.079007,0.062046,0.45839,0.45839,0.81697,0.82011,0.235,0.23675,0.85574,0.85626,0.75863,0.79278,0.89217,0.86802,0.80049,0.76919,1.9014,1.6699,0.72911,1,0.99951,0.77045,0.048556,0.0047057,1.2389,0.34759,1.1563,0.040058,-0.0085,-0.015199
1,3,3,2,0.82077,0.86178,1.3115,1.24,0.545,0.5245,0.754,0.7055,0.41858,0.41155,4.0579,3.2259,-1.8775,-1.9773,0.07732,0.071675,0.39378,0.39378,0.78398,0.82336,0.24651,0.28085,0.84405,0.89221,0.72386,0.79525,0.93341,0.89208,0.77832,0.75096,3.0055,1.8253,0.69191,1,0.99991,0.67703,0.051897,0.0071991,1.2666,0.2236,1.2171,0.035579,0.0295,0.044987
1,3,3,2,0.74197,0.8463,1.0655,1.081,0.443,0.466,0.6195,0.6275,0.42291,0.42566,4.9948,3.7003,-2.3237,-2.2848,0.072831,0.058954,0.48828,0.48828,0.74709,0.83103,0.28399,0.23844,0.794,0.87904,0.69978,0.80131,0.84679,0.88106,0.71367,0.75714,2.0637,2.029,0.73067,1,0.99983,0.78362,0.04625,0.003755,1.2462,0.26087,1.1993,0.030184,0.006,0.011262
1,3,3,3,0.86624,0.85608,1.007,1.0095,0.464,0.472,0.578,0.5575,0.43726,0.45748,5.2851,2.575,-2.4475,-2.3567,0.10174,0.04867,0.49867,0.49867,0.83923,0.81754,0.24713,0.27151,0.8471,0.80964,0.76622,0.78444,0.92798,0.94096,0.82226,0.77599,3.1416,1.4578,0.80066,1,0.99348,0.85171,0.095673,0.0040803,1.2127,0.28831,1.1484,0.072612,0.0485,0.096326
1,3,3,3,0.8466,0.83755,1.0955,1.095,0.4915,0.479,0.62,0.604,0.43497,0.4465,4.858,2.374,-2.2774,-2.1813,0.10717,0.044805,0.4702,0.4702,0.8376,0.80544,0.22277,0.25331,0.85702,0.80179,0.76165,0.75073,0.91395,0.89173,0.80064,0.77009,2.9502,2.0302,0.74917,1,0.99081,0.835,0.060587,0.0028466,1.2235,0.30211,1.1537,0.045843,0.0045,0.0082154
1,3,3,3,0.82809,0.80852,1.1035,1.109,0.463,0.4975,0.624,0.599,0.42867,0.45246,4.8228,2.344,-2.2192,-2.1806,0.10525,0.045836,0.45211,0.45211,0.81383,0.78978,0.26065,0.2249,0.85625,0.82206,0.76855,0.73842,0.89754,0.84189,0.75013,0.75178,2.077,1.4723,0.78816,1,0.99998,0.75314,0.068896,0.0028827,1.2378,0.227,1.1984,0.051628,0.0495,0.089715
1,6,1,1,0.68675,0.66078,2.6945,2.6795,1.0475,0.968,1.579,1.743,0.39212,0.36792,1.9752,1.9862,-0.96366,-0.96706,0.26933,0.22789,0.17504,0.17504,0.72268,0.74226,0.37042,0.3752,0.76946,0.78619,0.64887,0.60671,0.79765,0.8473,0.69287,0.7083,3.1416,3.1416,0.73921,1,0.99963,0.34733,-0.043122,0.0042018,1.2361,0.35601,1.1351,-0.025737,-0.0215,-0.015958
1,6,1,1,0.60842,0.58845,3.0075,3.018,1.097,1.091,2.0015,1.946,0.36767,0.3433,1.7696,1.7637,-0.85972,-0.85888,0.29121,0.27238,0.13658,0.13658,0.65752,0.68337,0.49994,0.47653,0.69047,0.71763,0.5851,0.58435,0.82715,0.80274,0.60331,0.64641,3.1313,3.1416,0.74215,1,0.99949,0.27517,-0.041673,0.0068565,1.1645,0.31555,1.0699,-0.022888,0.0235,0.015628
1,6,1,1,0.71467,0.72995,2.252,2.262,0.824,0.756,1.475,1.563,0.345,0.32133,2.3632,2.3528,-1.1218,-1.1368,0.13675,0.14062,0.17404,0.17404,0.70784,0.75196,0.33203,0.37905,0.75708,0.8103,0.59388,0.60562,0.90959,0.87487,0.64887,0.64639,3.1416,2.525,0.75069,1,0.9981,0.35495,-0.051924,0.0071293,1.2383,0.27652,1.1532,-0.030895,0,0
1,6,1,2,0.78659,0.80314,1.872,1.811,0.615,0.599,1.2275,1.279,0.33336,0.31651,2.8429,2.209,-1.3872,-1.4174,0.13887,0.1603,0.27011,0.27011,0.77599,0.78065,0.36068,0.36953,0.86828,0.82367,0.64825,0.61709,0.95053,0.93628,0.73787,0.74903,1.9457,3.1416,0.77118,1,0.99013,0.56664,-0.063243,0.0073827,1.2316,0.48032,1.057,-0.060282,-0.0165,-0.017628
1,6,1,2,0.717,0.74188,1.935,1.956,0.727,0.654,1.2595,1.318,0.35547,0.33181,2.7506,2.045,-1.3358,-1.3148,0.15297,0.21922,0.25391,0.25391,0.73873,0.73122,0.37876,0.34195,0.80699,0.77919,0.63988,0.66395,0.92679,0.90547,0.70103,0.69762,1.5708,1.5708,0.72893,1,0.99397,0.52055,-0.0336,0.0082733,1.2285,0.40721,1.1058,-0.018513,-0.0075,-0.0077519
1,6,1,2,0.77957,0.73467,1.801,1.819,0.684,0.664,1.125,1.166,0.375,0.35904,2.955,2.199,-1.3913,-1.3726,0.12488,0.11241,0.23532,0.23532,0.72877,0.70422,0.33183,0.31454,0.80616,0.75661,0.63024,0.63406,0.90981,0.89058,0.70493,0.67384,1.8697,2.0725,0.74043,1,0.99561,0.48223,-0.05761,0.00656,1.228,0.29056,1.1418,-0.041226,0,0
1,6,1,3,0.71334,0.69309,1.564,1.642,0.552,0.554,1.053,1.053,0.34357,0.34517,3.4028,1.5831,-1.6376,-1.5254,0.076488,0.098656,0.30839,0.30839,0.6909,0.72029,0.3705,0.31739,0.79431,0.76556,0.63748,0.6206,0.91165,0.87533,0.69687,0.66716,2.8828,1.5708,0.72535,1,0.9773,0.65498,-0.0046345,0.012864,1.1996,0.38034,1.0946,-0.014042,0.01,0.012788
1,6,1,3,0.8105,0.7556,1.6725,1.705,0.6125,0.5695,1.092,1.1385,0.35225,0.31976,3.182,1.5246,-1.5153,-1.4641,0.076495,0.07502,0.29185,0.29185,0.76817,0.76487,0.33496,0.35001,0.85141,0.82911,0.65872,0.62174,0.95496,0.90164,0.72007,0.7043,2.718,3.1416,0.73286,1,0.98794,0.6107,-0.032445,0.0055315,1.2153,0.36691,1.0969,-0.023291,-0.0085,-0.010164
1,6,1,3,0.78088,0.73669,1.669,1.7285,0.6375,0.6235,1.039,1.114,0.37362,0.35904,3.1887,1.504,-1.5032,-1.4498,0.092767,0.10091,0.28388,0.28388,0.73773,0.72824,0.31397,0.33544,0.83255,0.79458,0.67179,0.65545,0.89175,0.88389,0.68682,0.69234,2.8943,1.5708,0.73298,1,0.98869,0.59444,-0.022202,0.0073901,1.2158,0.34253,1.1173,-0.015323,-0.0125,-0.014979
1,6,2,1,0.81278,0.7413,1.9045,1.889,0.747,0.6675,1.146,1.2225,0.39461,0.365,2.7947,2.8174,-1.3325,-1.3568,0.15409,0.15167,0.27011,0.27011,0.77228,0.76128,0.33495,0.34247,0.90557,0.80681,0.70217,0.65445,0.9367,0.91904,0.72554,0.6996,2.2605,2.1232,0.74683,1,0.99872,0.52511,-0.081273,0.0093309,1.2879,0.29985,1.2049,-0.036803,-0.031,-0.032554
1,6,2,1,0.87282,0.80684,1.734,1.7315,0.6545,0.6115,1.079,1.1315,0.3862,0.34743,3.0692,3.0736,-1.464,-1.4849,0.15898,0.11862,0.30438,0.30438,0.82472,0.78114,0.34955,0.33234,0.92861,0.86528,0.74948,0.70739,0.94167,0.93552,0.77258,0.72423,3.1416,2.0474,0.75696,1,0.99948,0.57121,-0.074758,0.0088034,1.2814,0.40586,1.14,-0.053142,-0.005,-0.005767
1,6,2,1,0.8198,0.8114,1.704,1.7225,0.677,0.5845,1.064,1.1455,0.39475,0.33341,3.1232,3.0897,-1.4848,-1.492,0.13058,0.085081,0.29524,0.29524,0.79209,0.76617,0.29788,0.37196,0.87781,0.86249,0.7251,0.67092,0.92956,0.94636,0.74002,0.72866,3.0374,2.009,0.79564,1,0.99823,0.57035,-0.10509,0.0075854,1.267,0.38894,1.1423,-0.088266,-0.021,-0.024648
1,6,2,2,0.84168,0.81043,1.639,1.663,0.647,0.597,1.004,1.028,0.40211,0.36825,3.2471,2.4053,-1.5541,-1.5051,0.10069,0.10216,0.28646,0.28646,0.80845,0.77788,0.33417,0.3348,0.91033,0.81471,0.7499,0.65589,0.92448,0.93514,0.76966,0.76889,3.1416,2.0969,0.73237,1,0.99511,0.57342,-0.025721,0.015854,1.2609,0.36962,1.1422,-0.0023213,0.003,0.0036608
1,6,2,2,0.85077,0.79401,1.4205,1.4345,0.5515,0.51,0.8895,0.898,0.37759,0.36897,3.7466,2.7885,-1.7756,-1.7766,0.092439,0.083415,0.34386,0.34386,0.83339,0.79888,0.29736,0.29869,0.92889,0.83524,0.76216,0.6687,0.90211,0.92219,0.7749,0.77007,2.7375,2.3036,0.7385,1,0.99972,0.62372,-0.036551,0.015117,1.2602,0.42501,1.1134,-0.012315,0.0025,0.0035199
1,6,2,2,0.82897,0.82712,1.465,1.4885,0.5995,0.5165,0.883,0.9425,0.41134,0.35549,3.6327,2.6873,-1.7401,-1.7132,0.10904,0.097038,0.34782,0.34782,0.8102,0.80054,0.31352,0.36546,0.90199,0.87087,0.75135,0.70233,0.9013,0.93365,0.76728,0.77508,1.5708,1.4934,0.73756,1,0.99922,0.63957,-0.01015,0.0072974,1.2672,0.42796,1.1109,-0.011748,0.0005,0.00068259
1,6,2,3,0.82823,0.85557,1.2485,1.271,0.4815,0.4615,0.764,0.8045,0.39237,0.36754,4.2627,2.0452,-2.0339,-1.9586,0.083804,0.082418,0.40303,0.40303,0.81415,0.81961,0.27285,0.27661,0.89288,0.86042,0.77634,0.75105,0.90139,0.92912,0.75333,0.76372,2.3584,1.3992,0.73956,1,0.99245,0.75368,0.050215,0.01224,1.2342,0.50706,1.0506,0.029742,0.0025,0.0040048
1,6,2,3,0.88737,0.8777,1.265,1.2545,0.518,0.4655,0.7265,0.8005,0.40962,0.36297,4.2071,2.0722,-2.0352,-2.0116,0.073169,0.072829,0.39725,0.39725,0.87787,0.82851,0.2963,0.32349,0.93537,0.87457,0.80649,0.74608,0.93327,0.95324,0.84011,0.79864,1.5708,1.3832,0.74359,1,0.98865,0.76129,-0.026111,0.0089268,1.2692,0.55269,1.0652,-0.021252,-0.0215,-0.033992
1,6,2,3,0.84343,0.87868,1.273,1.259,0.506,0.444,0.754,0.812,0.3995,0.35188,4.1806,2.0647,-2.0153,-1.9719,0.089613,0.081677,0.40409,0.40409,0.83926,0.81461,0.27105,0.31649,0.91944,0.88339,0.78096,0.7407,0.91099,0.9133,0.78909,0.75515,2.6725,1.4498,0.74426,1,0.97847,0.79812,-0.032217,0.0090269,1.2463,0.54901,1.0366,-0.036926,-0.01,-0.015711
1,6,3,1,0.87044,0.801,1.882,1.8325,0.688,0.6795,1.139,1.183,0.38946,0.37143,2.8279,2.9042,-1.3368,-1.3759,0.10411,0.13356,0.26537,0.26537,0.82139,0.77063,0.32244,0.34447,0.93461,0.85315,0.72483,0.67128,0.94492,0.91234,0.78749,0.73209,3.1416,2.2397,0.7465,1,0.99707,0.52926,-0.046992,0.0058187,1.3073,0.26235,1.225,-0.024934,-0.047,-0.049947
1,6,3,1,0.86091,0.86586,1.479,1.526,0.625,0.5855,0.8525,0.9385,0.42279,0.3802,3.5987,3.4875,-1.6933,-1.6639,0.11886,0.1132,0.32552,0.32552,0.83451,0.84692,0.29472,0.30407,0.89385,0.89959,0.74958,0.71535,0.90606,0.93406,0.81723,0.82304,2.9219,2.3474,0.74187,1,0.99981,0.58441,-0.035614,0.0055727,1.2964,0.30226,1.2056,-0.028772,-0.0235,-0.031778
1,6,3,1,0.85356,0.87733,1.759,1.7635,0.7075,0.6365,1.0375,1.111,0.40736,0.36393,3.0256,3.0178,-1.4168,-1.4328,0.10039,0.098651,0.27743,0.27743,0.83118,0.79708,0.24589,0.33285,0.91023,0.91231,0.7417,0.73882,0.92855,0.9321,0.79919,0.74044,3.0974,2.2357,0.74759,1,0.99926,0.53184,-0.04282,0.0037684,1.3117,0.24666,1.2379,-0.035981,-0.02,-0.02274
1,6,3,2,0.8966,0.86902,1.2305,1.2425,0.536,0.477,0.6745,0.75,0.43781,0.39098,4.325,3.2194,-2.0561,-2.0295,0.10084,0.062234,0.41853,0.41853,0.88749,0.833,0.25401,0.32987,0.92084,0.87801,0.83482,0.76086,0.91309,0.91801,0.87016,0.81228,1.9508,1.5708,0.74439,1,0.995,0.76183,-0.026968,0.0090803,1.2782,0.41758,1.143,-0.022703,-0.018,-0.029256
1,6,3,2,0.88104,0.89786,1.3385,1.3335,0.575,0.5245,0.7895,0.8295,0.42518,0.37775,3.9762,2.9996,-1.8882,-1.8901,0.1198,0.057311,0.34467,0.37339,0.85517,0.85108,0.26441,0.3139,0.90303,0.91651,0.80634,0.79632,0.93139,0.9397,0.82107,0.74473,2.9695,1.5708,0.7325,1.0833,0.84619,0.63806,1.9022,0.90273,1.2819,0.38743,1.1589,-0.90981,-0.027,-0.040344
1,6,3,2,0.86398,0.83358,1.3075,1.298,0.572,0.4875,0.7335,0.8165,0.44142,0.37154,4.0704,3.0817,-1.9423,-1.9545,0.076402,0.049217,0.3756,0.3756,0.84844,0.79861,0.31691,0.29103,0.89764,0.88374,0.77315,0.73774,0.91366,0.90122,0.82775,0.75349,1.8327,1.4868,0.75361,1,0.99375,0.71402,-0.074612,0.0056371,1.2762,0.39715,1.1589,-0.071619,-0.038,-0.058126
1,6,3,3,0.91268,0.92376,1.135,1.13,0.519,0.457,0.642,0.7,0.43514,0.39027,4.6889,2.3004,-2.2429,-2.1872,0.087229,0.08647,0.44041,0.44041,0.88873,0.85582,0.31366,0.29734,0.91797,0.89692,0.83461,0.81114,0.93253,0.93639,0.84393,0.78263,2.054,1.4523,0.73449,1,0.98192,0.83041,-0.0016104,0.0072039,1.2598,0.52314,1.0788,-0.0041511,-0.001,-0.0017621
1,6,3,3,0.88578,0.86291,1.236,1.248,0.547,0.49,0.698,0.737,0.44156,0.39138,4.3058,2.0829,-2.0428,-1.9776,0.066307,0.060006,0.38365,0.38365,0.86862,0.80605,0.27126,0.26799,0.91253,0.85547,0.8191,0.74095,0.90858,0.8984,0.83244,0.74524,1.7249,1.3696,0.75569,1,0.9755,0.77975,-0.03265,0.0066553,1.2449,0.45616,1.0976,-0.025648,-0.021,-0.033981
1,6,3,3,0.86812,0.81341,1.1725,1.1655,0.5095,0.487,0.6395,0.654,0.44955,0.43035,4.539,2.2304,-2.1647,-2.1411,0.073449,0.084693,0.42969,0.42969,0.86111,0.79821,0.23454,0.23614,0.88505,0.80975,0.79721,0.76211,0.92788,0.88581,0.84366,0.76474,3.0314,1.5708,0.74383,1,0.98683,0.80535,-0.017032,0.0034129,1.2397,0.40221,1.1345,-0.013965,-0.0045,-0.0076759
1,8,1,1,0.8253,0.81964,1.967,2.006,0.683,0.6565,1.329,1.363,0.34337,0.33074,2.7056,2.653,-1.2436,-1.2231,0.087208,0.057578,0.24172,0.24172,0.71636,0.74119,0.38106,0.3561,0.9194,0.90501,0.64945,0.64856,0.93204,0.92345,0.68622,0.69525,3.0201,2.8187,0.80383,1,0.99819,0.43325,0.054221,0.0022954,1.237,0.18754,1.1643,0.044968,0.0315,0.032028
1,8,1,1,0.75745,0.73154,1.8845,1.9025,0.6315,0.5795,1.274,1.2975,0.33942,0.30684,2.8244,2.7974,-1.3021,-1.2863,0.079001,0.05351,0.24671,0.24671,0.71342,0.71308,0.40548,0.34012,0.86525,0.84913,0.61697,0.59547,0.91764,0.86888,0.68049,0.66927,2.8819,2.3476,0.80252,1,0.99967,0.45612,0.049574,0.0026407,1.2014,0.21322,1.1191,0.039872,0.021,0.022287
1,8,1,1,0.7694,0.78678,2.109,2.091,0.7195,0.6705,1.3625,1.397,0.34923,0.32939,2.5235,2.5452,-1.1566,-1.1458,0.0879,0.053684,0.25599,0.25599,0.71654,0.74117,0.40928,0.33444,0.87882,0.88778,0.59847,0.69041,0.91871,0.89711,0.67645,0.69114,3.1292,2.8521,0.81211,1,0.99884,0.46143,0.070167,0.0039567,1.213,0.1886,1.1431,0.04808,0.0365,0.034614
1,8,1,2,0.82974,0.80856,1.335,1.323,0.4735,0.4415,0.8135,0.8345,0.37244,0.35128,3.9865,3.0235,-1.7949,-1.7813,0.054621,0.04257,0.40303,0.40303,0.73513,0.73153,0.31924,0.302,0.89678,0.87502,0.7209,0.6373,0.90194,0.86085,0.67487,0.67935,2.8138,3.0445,0.74776,1,0.99979,0.70083,0.048928,0.0036036,1.2293,0.15642,1.1706,0.028611,0.0175,0.026217
1,8,1,2,0.78286,0.71042,1.61,1.7395,0.565,0.56,1.0895,1.1285,0.34604,0.3312,3.3056,2.2995,-1.5166,-1.4198,0.076573,0.06034,0.29415,0.29415,0.71751,0.68704,0.3679,0.37829,0.86226,0.84259,0.61774,0.58189,0.90514,0.85377,0.69188,0.65497,3.1416,1.9019,0.77358,1,0.99883,0.51987,0.045064,0.0027016,1.2282,0.1879,1.1586,0.032182,0.027,0.03354
1,8,1,2,0.81829,0.88262,1.522,1.532,0.468,0.465,1.042,1.072,0.30586,0.3088,3.4967,2.611,-1.6413,-1.5735,0.045085,0.041256,0.33053,0.33053,0.73952,0.77674,0.37468,0.34006,0.90676,0.90223,0.63504,0.70248,0.94218,0.92899,0.73053,0.71999,2.3635,1.7684,0.78468,1,0.99641,0.63632,0.073328,0.0048354,1.2258,0.25429,1.1171,0.045306,0.045,0.059133
1,8,1,3,0.89452,0.83158,1.398,1.413,0.463,0.439,0.92,0.965,0.3338,0.31625,3.8068,1.8397,-1.7677,-1.6986,0.052922,0.035898,0.35807,0.35807,0.80152,0.76408,0.35439,0.25947,0.95789,0.91134,0.71631,0.66038,0.94449,0.85978,0.7288,0.69398,2.222,3.1416,0.80944,1,0.99928,0.65103,0.062664,0.0028862,1.2326,0.22017,1.142,0.04335,0.035,0.050072
1,8,1,3,0.87909,0.79339,1.433,1.4295,0.495,0.4555,0.925,0.9635,0.34536,0.31941,3.7138,1.8184,-1.6991,-1.6876,0.049108,0.036835,0.34386,0.34386,0.77662,0.72932,0.35181,0.29304,0.92927,0.87646,0.69368,0.66372,0.94877,0.87834,0.71477,0.66891,2.593,1.8458,0.82208,1,0.99622,0.65532,0.061767,0.003503,1.2292,0.20889,1.1447,0.043739,0.002,0.0027913
1,8,1,3,0.87709,0.87498,1.378,1.389,0.411,0.434,0.969,0.933,0.31691,0.32329,3.8621,1.8715,-1.7673,-1.7332,0.04942,0.03785,0.35807,0.35807,0.7617,0.78508,0.35138,0.28863,0.89619,0.92352,0.6695,0.70966,0.94229,0.90557,0.72068,0.68095,3.1416,1.5708,0.81849,1,0.9995,0.64477,0.076067,0.0045868,1.2157,0.24328,1.1127,0.046608,0.036,0.05225
1,8,2,1,0.82326,0.85351,1.587,1.5665,0.5635,0.619,1.031,0.9455,0.36247,0.36739,3.3535,3.3974,-1.5331,-1.5766,0.076056,0.05386,0.31672,0.31672,0.77433,0.80908,0.31548,0.29484,0.91963,0.92117,0.69305,0.68722,0.91027,0.90381,0.71505,0.78687,2.7179,2.0444,0.74674,1,0.99917,0.55712,0.017177,0.0020723,1.266,0.20016,1.193,0.019782,0.013,0.016383
1,8,2,1,0.81973,0.82078,1.751,1.7475,0.592,0.6,1.115,1.14,0.35459,0.34405,3.0394,3.0456,-1.3971,-1.3928,0.079098,0.046005,0.30307,0.30307,0.76065,0.76143,0.31202,0.31152,0.91834,0.91445,0.69955,0.6703,0.91462,0.88855,0.69305,0.71664,3.0603,2.717,0.73382,1,0.99929,0.57202,0.0047911,0.0014896,1.2698,0.16709,1.2028,0.0058922,-0.008,-0.0091376
1,8,2,1,0.82587,0.79937,1.6,1.62,0.573,0.558,1.043,1.045,0.36517,0.33682,3.3262,3.2851,-1.5333,-1.5296,0.092816,0.061318,0.31137,0.31137,0.76078,0.74474,0.31566,0.33147,0.85872,0.89415,0.68225,0.65939,0.9303,0.90883,0.74426,0.72365,2.1706,2.5846,0.75674,1,0.99992,0.56327,0.026538,0.0015108,1.2771,0.18312,1.2065,0.023565,0.004,0.005
1,8,2,2,0.89476,0.86031,1.426,1.4405,0.5145,0.487,0.9145,0.929,0.35468,0.34186,3.7321,2.7768,-1.7,-1.6996,0.060512,0.039479,0.34386,0.34386,0.80671,0.78828,0.32971,0.3294,0.92826,0.90357,0.73922,0.67868,0.95432,0.92176,0.76093,0.75653,2.8954,3.0912,0.73539,1,0.99985,0.60728,0.012724,0.0024053,1.2611,0.20447,1.1743,0.011251,0.009,0.012623
1,8,2,2,0.90129,0.84415,1.476,1.492,0.482,0.493,0.98,0.977,0.32112,0.33537,3.6056,2.681,-1.6912,-1.6617,0.079093,0.042522,0.34265,0.34265,0.80937,0.78443,0.34835,0.3169,0.94117,0.88733,0.72262,0.6656,0.96652,0.90853,0.75971,0.7596,1.924,1.744,0.76653,1,0.9997,0.62347,0.029025,0.0015639,1.2825,0.23661,1.1893,0.022378,0,0
1,8,2,2,0.85797,0.85108,1.383,1.368,0.474,0.474,0.91,0.917,0.34772,0.34868,3.8481,2.924,-1.8015,-1.8079,0.087725,0.047618,0.3522,0.3522,0.78576,0.77723,0.32406,0.31962,0.91773,0.89324,0.69796,0.70604,0.92329,0.91706,0.72073,0.72098,3.1416,1.6809,0.76764,1,0.99882,0.65031,0.030476,0.0019932,1.2553,0.27406,1.1451,0.029857,0,0
1,8,2,3,0.83241,0.80735,1.331,1.3385,0.445,0.4645,0.882,0.867,0.33757,0.33512,3.9985,1.9421,-1.8676,-1.8303,0.044227,0.038686,0.37042,0.37042,0.78465,0.77543,0.33181,0.338,0.87225,0.86551,0.66083,0.62753,0.93684,0.85938,0.74838,0.76649,2.23,2.0222,0.73284,1,0.99762,0.6848,0.0054408,0.002014,1.2321,0.26682,1.1217,0.0053474,0.0115,0.01728
1,8,2,3,0.82979,0.81602,1.325,1.318,0.437,0.4535,0.869,0.858,0.34413,0.34761,4.0166,1.9723,-1.8711,-1.8477,0.055808,0.058894,0.38147,0.38147,0.78028,0.79186,0.34746,0.32111,0.87802,0.88014,0.68022,0.6379,0.92534,0.86872,0.76355,0.81425,3.0854,1.5275,0.737,1,0.99268,0.72636,-0.020481,0.0046682,1.2234,0.2795,1.1209,-0.007476,0.0215,0.032453
1,8,2,3,0.85576,0.8463,1.377,1.43,0.452,0.4915,0.9305,0.9305,0.33906,0.34622,3.8649,1.8178,-1.7683,-1.6893,0.054901,0.047858,0.34877,0.34877,0.78194,0.78809,0.35028,0.3132,0.90874,0.90463,0.69197,0.67237,0.90802,0.89145,0.75193,0.7599,2.7319,1.5708,0.77645,1,0.99991,0.62528,0.031958,0.0017697,1.2295,0.22934,1.1309,0.026472,-0.0075,-0.010893
1,8,3,1,0.86842,0.82238,1.457,1.4375,0.523,0.533,0.9375,0.938,0.35354,0.36928,3.6527,3.7022,-1.6781,-1.7162,0.061648,0.042654,0.33908,0.33908,0.80714,0.80247,0.32166,0.2821,0.90351,0.89445,0.71085,0.69446,0.9435,0.90802,0.74449,0.75691,3.1416,2.4537,0.74038,1,0.99808,0.5791,0.032286,0.0020283,1.2673,0.22718,1.1805,0.022882,0.0085,0.011668
1,8,3,1,0.83184,0.87924,1.4335,1.493,0.501,0.521,0.957,0.9285,0.3494,0.35446,3.7126,3.5646,-1.7305,-1.6617,0.090396,0.057242,0.33908,0.33908,0.77851,0.81158,0.31606,0.32155,0.90049,0.94453,0.7014,0.75102,0.92288,0.90877,0.71178,0.74066,3.0483,2.0977,0.78747,1,0.99955,0.59398,0.055072,0.0026471,1.2611,0.28278,1.1483,0.049382,0.0025,0.003488
1,8,3,1,0.83428,0.88392,1.364,1.388,0.4655,0.5235,0.9,0.868,0.34534,0.37566,3.9018,3.8343,-1.8178,-1.807,0.075544,0.035435,0.37435,0.37435,0.79057,0.8408,0.30885,0.26656,0.89736,0.92769,0.71225,0.77037,0.92516,0.90671,0.7335,0.77871,2.3436,2.2113,0.78677,1,0.99779,0.62419,0.064408,0.0036448,1.2725,0.29891,1.1596,0.048479,0.0445,0.065249
1,8,3,2,0.85535,0.86321,1.359,1.341,0.4895,0.4805,0.8895,0.8775,0.35788,0.3569,3.9161,2.9828,-1.8365,-1.8581,0.072666,0.056163,0.35903,0.35903,0.79366,0.82101,0.31363,0.33171,0.92485,0.92877,0.73324,0.75485,0.90617,0.91626,0.72119,0.76183,3.0421,3.1416,0.7674,1,0.99821,0.60735,0.052884,0.0032612,1.2637,0.32673,1.1359,0.043288,0.016,0.023547
1,8,3,2,0.88479,0.83613,1.2905,1.2875,0.4425,0.4855,0.822,0.8115,0.35337,0.38425,4.1239,3.1068,-1.9792,-1.9414,0.12307,0.084192,0.38752,0.38752,0.83903,0.7985,0.31506,0.31439,0.94152,0.89812,0.78913,0.7343,0.92399,0.86843,0.73829,0.72817,1.975,1.4839,0.79023,1,0.99963,0.68649,0.050908,0.0026709,1.2565,0.44229,1.0833,0.045123,0.0225,0.03487
1,8,3,2,0.88093,0.88929,1.311,1.3095,0.434,0.4795,0.8745,0.827,0.33382,0.36534,4.0595,3.0546,-1.919,-1.8767,0.075714,0.065891,0.37287,0.37287,0.81026,0.8244,0.34066,0.29537,0.93398,0.91504,0.72775,0.73643,0.94475,0.88169,0.73121,0.76574,2.8598,1.5708,0.78992,1,0.99986,0.66287,0.065168,0.0028243,1.2546,0.3514,1.1033,0.06116,0.0375,0.057208
1,8,3,3,0.89458,0.89708,1.096,1.123,0.4075,0.4505,0.7055,0.663,0.36812,0.40987,4.8558,2.3148,-2.2684,-2.176,0.092015,0.086754,0.44389,0.44389,0.84189,0.84057,0.3171,0.29431,0.92435,0.90929,0.7764,0.74212,0.93688,0.8845,0.7461,0.81586,1.5976,1.4398,0.76514,1,0.99829,0.7705,0.047044,0.0026639,1.2291,0.40888,1.0816,0.035504,0.0375,0.068431
1,8,3,3,0.88482,0.86836,1.175,1.165,0.426,0.47,0.747,0.719,0.35871,0.39547,4.5293,2.2313,-2.1437,-2.1021,0.076956,0.061921,0.42969,0.42969,0.83539,0.82796,0.27379,0.24962,0.92986,0.92089,0.79076,0.76457,0.91691,0.8795,0.73559,0.7698,3.0714,1.5214,0.7421,1,0.99511,0.77441,0.03686,0.0032436,1.2385,0.41463,1.0853,0.032307,0.013,0.022128
1,8,3,3,0.78006,0.7195,1.1475,1.1795,0.381,0.4385,0.7595,0.739,0.35049,0.36357,4.6379,2.204,-2.1421,-2.0698,0.058341,0.040471,0.41853,0.41853,0.71183,0.70635,0.28088,0.25083,0.85758,0.81007,0.67068,0.63455,0.85659,0.77676,0.67179,0.66922,2.379,2.371,0.80191,1,0.99969,0.69993,0.065811,0.0030144,1.1869,0.27599,1.1123,0.052082,0.017,0.02963
1,9,1,1,0.76448,0.74629,2.036,1.991,0.665,0.621,1.352,1.364,0.33223,0.33104,2.6139,2.673,-1.2268,-1.244,0.070626,0.054789,0.23872,0.23872,0.75611,0.71471,0.31085,0.36894,0.89249,0.88087,0.67809,0.70922,0.86879,0.77794,0.64929,0.58138,3.1416,3.0547,0.73283,1,0.99896,0.46327,0.092513,0.017851,1.2049,0.30703,1.1026,0.048827,0.002,0.0019646
1,9,1,1,0.76716,0.77002,1.978,1.902,0.701,0.646,1.3475,1.283,0.34044,0.33634,2.6906,2.7981,-1.2447,-1.2961,0.075911,0.049969,0.25647,0.25647,0.70606,0.68941,0.32679,0.36131,0.89149,0.88819,0.70657,0.71702,0.78296,0.792,0.61362,0.58909,2.4381,2.4251,0.76989,1,0.9951,0.44659,0.092564,0.010088,1.1939,0.28055,1.1066,0.061718,0.0425,0.042973
1,9,1,1,0.82753,0.78157,1.913,1.887,0.63,0.628,1.313,1.324,0.32631,0.32894,2.782,2.8203,-1.3062,-1.3162,0.076906,0.044009,0.24414,0.24414,0.78576,0.72836,0.35921,0.34091,0.95816,0.90875,0.74996,0.73125,0.89188,0.81428,0.69958,0.60436,3.1416,2.3274,0.80837,1,0.99856,0.4426,0.13743,0.013031,1.2446,0.28271,1.1575,0.08405,0.043,0.044956
1,9,1,2,0.79618,0.804,1.5,1.5545,0.484,0.4585,1.0395,1.0815,0.31505,0.31009,3.548,2.5732,-1.7053,-1.6075,0.066902,0.053243,0.30438,0.30438,0.79665,0.78298,0.3177,0.29876,0.91408,0.87298,0.71216,0.7161,0.88334,0.87111,0.70735,0.70315,2.1187,1.6993,0.77758,1,0.99982,0.5593,0.11975,0.021808,1.203,0.49961,1.0217,0.080105,0.0085,0.011333
1,9,1,2,0.8255,0.75569,1.6675,1.7645,0.5495,0.548,1.1305,1.165,0.32154,0.31883,3.1916,2.2672,-1.5177,-1.3905,0.049363,0.042904,0.28884,0.28884,0.75376,0.73791,0.31798,0.29145,0.9571,0.88662,0.73461,0.70093,0.87924,0.80612,0.67196,0.60324,2.6887,1.5708,0.75963,1,0.99696,0.56773,0.11326,0.013276,1.2182,0.32938,1.1007,0.065636,0.039,0.046777
1,9,1,2,0.88379,0.83509,1.4665,1.457,0.4565,0.4405,0.996,1.003,0.31642,0.30853,3.629,2.7454,-1.7506,-1.6846,0.050915,0.035227,0.32106,0.32106,0.82164,0.77125,0.35475,0.31252,0.9499,0.89856,0.75933,0.72631,0.9501,0.86428,0.76504,0.66429,1.6655,1.5708,0.78553,1,0.99425,0.63339,0.12193,0.013974,1.221,0.47485,1.0339,0.092229,0.0105,0.01432
1,9,1,3,0.76322,0.78043,1.4365,1.435,0.4935,0.4815,0.912,0.9215,0.35735,0.34328,3.7051,1.8119,-1.7839,-1.7526,0.083316,0.085996,0.35652,0.35652,0.77345,0.74184,0.28212,0.2721,0.87915,0.85755,0.72179,0.709,0.83215,0.80328,0.68673,0.65243,1.7687,1.2412,0.79066,1,0.99921,0.64973,0.092116,0.0090864,1.1892,0.5004,1.0096,0.073542,0.0075,0.010442
1,9,1,3,0.81345,0.82784,1.328,1.33,0.433,0.4135,0.8885,0.9145,0.32682,0.31548,4.0075,1.9545,-1.9455,-1.872,0.096167,0.083008,0.36439,0.36439,0.82972,0.79573,0.29029,0.2777,0.91172,0.8719,0.72483,0.74979,0.93312,0.91061,0.77507,0.69591,1.4514,1.5708,0.83569,1,0.98802,0.71908,0.13653,0.0098257,1.2063,0.59395,0.98571,0.11785,0.019,0.028614
1,9,1,3,0.87547,0.73134,1.318,1.291,0.437,0.412,0.848,0.865,0.33602,0.32,4.0379,2.0135,-1.9415,-1.8862,0.082369,0.073252,0.38726,0.38726,0.84697,0.68594,0.27227,0.28772,0.91848,0.73227,0.7819,0.72509,0.92692,0.82471,0.76867,0.52225,1.5708,1.5708,0.76386,1,0.93717,0.83454,0.12672,0.020451,1.1305,0.61831,0.91884,0.076749,0.007,0.010622
1,9,2,1,0.75128,0.8573,1.3995,1.3965,0.456,0.4495,0.9435,0.907,0.32526,0.34103,3.8048,3.8109,-1.822,-1.8084,0.075578,0.04738,0.3522,0.3522,0.74384,0.80461,0.3517,0.31052,0.79612,0.92528,0.59887,0.74365,0.93858,0.92042,0.71853,0.74427,3.1416,1.5326,0.7672,1,0.99963,0.63654,0.079571,0.0073897,1.2479,0.35665,1.1184,0.062571,0.0375,0.053591
1,9,2,1,0.79976,0.87879,1.4,1.409,0.459,0.449,0.935,0.94,0.32549,0.32071,3.8014,3.7771,-1.7825,-1.7909,0.069119,0.030181,0.35095,0.35095,0.79832,0.80405,0.31233,0.32082,0.83099,0.92628,0.60594,0.75185,0.9455,0.93815,0.72214,0.72851,1.9311,2.7533,0.74169,1,0.99854,0.59992,0.031377,0.0077721,1.2319,0.36934,1.0847,0.03608,0.012,0.017143
1,9,2,1,0.74079,0.839,1.441,1.536,0.486,0.496,1.019,0.98,0.32695,0.33477,3.6932,3.4648,-1.7244,-1.6093,0.072438,0.047871,0.31595,0.31595,0.72202,0.77868,0.33348,0.31415,0.80101,0.90837,0.56905,0.72885,0.89979,0.89591,0.69005,0.7009,2.3162,2.6375,0.70605,1,0.99544,0.53151,0.10814,0.019698,1.2243,0.30037,1.1318,0.061314,0.022,0.030534
1,9,2,2,0.77247,0.84613,1.1325,1.134,0.369,0.338,0.7525,0.815,0.32978,0.29974,4.6998,3.5273,-2.2767,-2.2275,0.051333,0.044831,0.4534,0.4534,0.82755,0.79622,0.34768,0.28977,0.85772,0.90305,0.69208,0.69773,0.94551,0.90697,0.72486,0.71467,2.0157,1.374,0.7625,1,0.99824,0.7758,0.064301,0.0078962,1.2284,0.47421,1.0527,0.032467,-0.0105,-0.018543
1,9,2,2,0.90465,0.87598,1.156,1.157,0.363,0.334,0.786,0.82,0.31631,0.29225,4.6037,3.4572,-2.2081,-2.1648,0.043526,0.038908,0.43194,0.43194,0.81521,0.78985,0.36015,0.34785,0.92254,0.93376,0.73355,0.73515,0.97804,0.94292,0.74929,0.72853,2.3393,1.5708,0.8014,1,0.99948,0.74337,0.093381,0.0082098,1.2399,0.51069,1.0249,0.065551,0.008,0.013841
1,9,2,2,0.67522,0.78163,1.257,1.2585,0.3925,0.35,0.854,0.8935,0.3206,0.28578,4.2338,3.1784,-2.0326,-2.0177,0.065654,0.035849,0.39786,0.39786,0.67432,0.74734,0.35853,0.32803,0.75739,0.89887,0.5863,0.66077,0.86305,0.91069,0.64748,0.71473,1.7243,1.5042,0.84044,1,0.99983,0.67885,0.1302,0.0095185,1.1871,0.41254,1.0416,0.097445,0.0135,0.02148
1,9,2,3,0.89574,0.89684,1.174,1.165,0.341,0.339,0.806,0.814,0.29746,0.29556,4.5332,2.2313,-2.1664,-2.1368,0.052322,0.068961,0.40838,0.40838,0.80245,0.81621,0.33621,0.27377,0.92361,0.94576,0.73638,0.71378,0.96871,0.89638,0.74846,0.75201,2.3418,1.4007,0.78455,1,0.99663,0.74071,0.087392,0.0056447,1.2144,0.58599,0.97572,0.074064,0.006,0.010221
1,9,2,3,0.8147,0.85323,1.0825,1.0755,0.3435,0.368,0.726,0.706,0.33848,0.34815,4.9163,2.417,-2.3956,-2.2817,0.083402,0.077194,0.46064,0.46064,0.82634,0.8175,0.32182,0.27196,0.86218,0.80646,0.72964,0.79192,0.97151,0.92149,0.76398,0.67404,1.5708,1.3543,0.75006,1,0.93554,0.91405,0.11027,0.023607,1.1745,0.5887,0.96959,0.069998,0.0285,0.052656
1,9,2,3,0.81676,0.87664,1.0365,1.008,0.348,0.34,0.663,0.681,0.3479,0.33989,5.1346,2.5788,-2.4712,-2.3521,0.12273,0.11949,0.49867,0.49867,0.79564,0.81711,0.32646,0.25426,0.85583,0.84182,0.73415,0.77812,0.96451,0.92814,0.76363,0.67307,1.4238,1.4601,0.78132,1,0.93155,0.94928,0.11609,0.014151,1.1472,0.5984,0.92608,0.088958,0.016,0.030873
1,9,3,1,0.8543,0.82843,1.4,1.3955,0.4865,0.487,0.923,0.9245,0.34859,0.34322,3.8014,3.8136,-1.7975,-1.8485,0.054842,0.038544,0.34386,0.34386,0.79243,0.79425,0.35515,0.3145,0.88065,0.93242,0.64741,0.74392,0.92422,0.8941,0.76155,0.71377,2.6781,2.9765,0.74788,1,0.99564,0.572,0.061232,0.010136,1.2572,0.42432,1.1066,0.041461,0.023,0.032857
1,9,3,1,0.86656,0.77403,1.486,1.485,0.541,0.528,0.943,0.967,0.3691,0.35606,3.5814,3.5838,-1.6838,-1.7095,0.052068,0.03607,0.33077,0.33077,0.80625,0.76949,0.32418,0.297,0.89672,0.87629,0.7179,0.70826,0.92297,0.84408,0.76383,0.67645,2.133,1.9629,0.73194,1,0.99956,0.58647,0.057321,0.014624,1.2618,0.33636,1.1539,0.038481,0.028,0.037685
1,9,3,1,0.84521,0.83982,1.4435,1.4525,0.501,0.499,0.9595,0.9595,0.34451,0.34681,3.6868,3.664,-1.7474,-1.718,0.049535,0.025382,0.33444,0.33444,0.78618,0.79983,0.3398,0.29448,0.86998,0.92148,0.6765,0.73428,0.92215,0.896,0.76434,0.71192,2.2255,1.6519,0.76265,1,0.99952,0.61225,0.094375,0.011334,1.2616,0.33908,1.1397,0.052624,0.026,0.036024
1,9,3,2,0.82597,0.86059,1.209,1.241,0.479,0.435,0.734,0.812,0.39726,0.34996,4.4019,3.2232,-2.0846,-2.0015,0.082305,0.079022,0.39438,0.39438,0.78649,0.82139,0.29559,0.27831,0.86314,0.89964,0.7061,0.74518,0.88807,0.89659,0.77348,0.73864,1.5708,1.5708,0.742,1,0.99384,0.73707,0.093191,0.015233,1.2197,0.52831,1.017,0.066142,0,0
1,9,3,2,0.8141,0.8817,1.1895,1.211,0.4425,0.417,0.7545,0.8165,0.36626,0.32815,4.4743,3.3031,-2.1149,-2.0802,0.10826,0.065938,0.40023,0.40023,0.79394,0.82763,0.31287,0.30773,0.86953,0.94528,0.69548,0.76072,0.90054,0.88312,0.76885,0.74029,1.5708,1.539,0.77309,1,0.99964,0.68954,0.10085,0.013349,1.2335,0.47244,1.0535,0.074395,-0.0115,-0.019336
1,9,3,2,0.87407,0.85242,1.156,1.157,0.4205,0.371,0.7295,0.782,0.3618,0.33731,4.6039,3.4572,-2.2074,-2.1611,0.064352,0.059989,0.42832,0.42832,0.81931,0.79809,0.26886,0.26999,0.90293,0.91081,0.73946,0.72347,0.92265,0.877,0.79237,0.75078,1.7562,3.1416,0.75381,1,0.99215,0.78506,0.067248,0.008489,1.2385,0.4962,1.0543,0.049128,0.001,0.0017301
1,9,3,3,0.84475,0.78804,1.079,1.094,0.378,0.367,0.689,0.698,0.35294,0.33333,4.9323,2.3761,-2.3524,-2.1986,0.10012,0.10228,0.45839,0.45839,0.81159,0.73634,0.34484,0.24786,0.87862,0.83791,0.74616,0.70567,0.93353,0.81718,0.77522,0.65423,1.8623,1.8994,0.77146,1,0.95496,0.89625,0.075657,0.012388,1.1735,0.5138,0.98582,0.060855,0.028,0.0519
1,9,3,3,0.82079,0.83076,1.032,1.047,0.368,0.349,0.665,0.683,0.35968,0.36615,5.1569,2.4828,-2.4513,-2.3697,0.083742,0.15858,0.48828,0.48828,0.78209,0.77895,0.29626,0.24708,0.85231,0.87206,0.70621,0.75148,0.91392,0.84467,0.75168,0.7152,1.5708,1.3754,0.74733,1,0.98184,0.87061,0.044518,0.01145,1.2008,0.49097,1.0264,0.040383,0.001,0.001938
1,9,3,3,0.79316,0.79009,1.06,1.079,0.394,0.388,0.668,0.71,0.36802,0.34758,5.0207,2.4091,-2.4005,-2.2766,0.10608,0.10434,0.46794,0.46794,0.75904,0.74063,0.3141,0.24296,0.85758,0.89365,0.72364,0.68735,0.86936,0.8074,0.71094,0.68536,1.4542,1.5708,0.7729,1,0.98591,0.8452,0.10191,0.009079,1.1928,0.47022,1.0275,0.066947,0.01,0.018868
2,1,1,1,0.76136,0.73927,2.402,2.346,0.8065,0.8695,1.5265,1.5055,0.34252,0.34856,2.2157,2.2686,-0.99439,-1.0124,0.054062,0.050459,0.23371,0.23371,0.6514,0.66579,0.42696,0.37791,0.86161,0.91855,0.62649,0.62888,0.8766,0.78802,0.60197,0.57113,2.884,1.882,0.74059,1,0.99331,0.39986,0.07296,0.0068417,1.2082,0.1852,1.1666,0.056548,0.014,0.011657
2,1,1,1,0.84443,0.83319,2.4335,2.377,0.8685,0.8795,1.54,1.493,0.35613,0.35871,2.1872,2.2389,-0.96738,-0.98794,0.082093,0.044353,0.20177,0.20177,0.69862,0.74801,0.41237,0.37474,0.93989,0.93073,0.63829,0.69321,0.9324,0.91699,0.65548,0.67656,2.3215,3.1416,0.78012,1,0.97415,0.31272,0.10797,0.0084725,1.2357,0.20773,1.1913,0.064056,0.0385,0.031642
2,1,1,1,0.76045,0.79867,2.572,2.648,0.9295,0.966,1.6485,1.6595,0.35267,0.36308,2.0692,2.0098,-0.93648,-0.90421,0.088506,0.054535,0.19073,0.19073,0.6441,0.70225,0.44001,0.38019,0.82292,0.92262,0.55241,0.64836,0.94603,0.89891,0.56702,0.61609,3.1416,2.56,0.74774,1,0.94615,0.26803,0.13761,0.014396,1.187,0.27097,1.1296,0.081823,0.0705,0.054821
2,1,1,2,0.71846,0.80953,1.676,1.716,0.5275,0.4825,1.149,1.2075,0.31602,0.28495,3.1754,2.331,-1.4607,-1.4089,0.053823,0.045973,0.28722,0.28722,0.70847,0.70821,0.38731,0.34544,0.87974,0.91346,0.64183,0.67122,0.83313,0.87993,0.58322,0.6203,3.1416,2.2312,0.7434,1,0.99822,0.55465,0.02939,0.0032413,1.1752,0.22578,1.0908,0.021443,-0.004,-0.0047733
2,1,1,2,0.86338,0.86361,1.553,1.573,0.397,0.415,1.13,1.14,0.26444,0.28207,3.4269,2.5429,-1.6114,-1.5545,0.041036,0.025378,0.31137,0.31137,0.75916,0.77384,0.43698,0.35079,0.97604,0.94363,0.73353,0.74436,0.92293,0.90649,0.63788,0.62184,3.1416,1.5708,0.85482,1,0.99997,0.57036,0.10071,0.0053657,1.2034,0.32859,1.0624,0.077544,0.022,0.028332
2,1,1,2,0.84325,0.88319,1.6715,1.6325,0.4815,0.513,1.1585,1.142,0.28989,0.32251,3.1839,2.4502,-1.4865,-1.4945,0.044731,0.034255,0.29431,0.29431,0.75983,0.79305,0.3886,0.32,0.93842,0.93211,0.70661,0.77309,0.93513,0.94124,0.69142,0.69168,2.2841,1.5784,0.81963,1,0.99982,0.53383,0.085591,0.0039807,1.2406,0.25972,1.1372,0.07161,0.026,0.03111
2,1,1,3,0.85179,0.88011,1.476,1.4375,0.429,0.464,0.9755,0.9755,0.31522,0.33617,3.6056,1.8084,-1.6483,-1.642,0.053619,0.055067,0.35652,0.35652,0.74847,0.7599,0.35646,0.32648,0.93101,0.90473,0.71285,0.72408,0.93211,0.91635,0.65898,0.60412,3.1416,3.1416,0.76914,1,0.98886,0.70308,0.054056,0.0069158,1.1515,0.29071,1.0273,0.029376,0.0065,0.0088076
2,1,1,3,0.86459,0.82897,1.432,1.42,0.415,0.432,1.016,0.993,0.31216,0.30991,3.7164,1.8306,-1.7421,-1.6242,0.044449,0.041838,0.35511,0.35511,0.78463,0.7401,0.37272,0.28769,0.9461,0.85143,0.75576,0.6875,0.90495,0.86257,0.68405,0.62689,3.1416,2.5137,0.83609,1,0.98017,0.7301,0.099323,0.0055883,1.1676,0.29563,1.0467,0.072645,0.021,0.02933
2,1,1,3,0.78748,0.81204,1.453,1.422,0.402,0.415,1.042,1.036,0.27749,0.28193,3.6627,1.828,-1.7325,-1.72,0.039509,0.044376,0.3522,0.3522,0.72743,0.72332,0.35841,0.33971,0.91943,0.83046,0.67374,0.70793,0.92047,0.92167,0.6485,0.60616,2.2708,1.6561,0.85263,1,0.99295,0.68258,0.10463,0.0065809,1.1808,0.32336,1.0488,0.06905,0.032,0.044047
2,1,2,1,0.76143,0.79626,2.074,2.1825,0.695,0.7205,1.3865,1.4,0.33239,0.34276,2.566,2.4385,-1.1456,-1.1077,0.063524,0.050712,0.23475,0.23475,0.66844,0.70172,0.37992,0.36565,0.86773,0.92422,0.6174,0.66519,0.88128,0.89011,0.64153,0.62744,3.1416,3.1416,0.74982,1,0.99238,0.39781,0.054176,0.0041843,1.2664,0.13564,1.2255,0.023746,0.0255,0.02459
2,1,2,1,0.88174,0.87682,1.707,1.682,0.551,0.535,1.135,1.132,0.32671,0.32676,3.1177,3.164,-1.4349,-1.4542,0.033813,0.035766,0.29948,0.29948,0.77883,0.80439,0.36459,0.36892,0.95191,0.96877,0.69854,0.74752,0.95181,0.96313,0.70274,0.70253,1.7549,2.759,0.73675,1,0.99952,0.53582,0.025446,0.0019052,1.3048,0.14094,1.2483,0.014034,0.04,0.046866
2,1,2,1,0.81121,0.92033,1.772,1.775,0.562,0.573,1.153,1.182,0.34061,0.32743,3.0033,2.9983,-1.3607,-1.3754,0.038527,0.0325,0.27544,0.27544,0.71439,0.79615,0.38754,0.39862,0.90948,0.97915,0.67211,0.78392,0.90925,0.95393,0.63844,0.6829,1.7455,2.1445,0.74668,1,0.99299,0.46235,0.038405,0.0031126,1.2791,0.15595,1.2195,0.024853,0.023,0.025959
2,1,2,2,0.82595,0.82211,1.426,1.459,0.458,0.466,1.003,0.9865,0.30341,0.3311,3.7321,2.7416,-1.7545,-1.6703,0.038964,0.03717,0.32018,0.33619,0.78986,0.74471,0.36915,0.33019,0.89743,0.8877,0.68354,0.68027,0.96047,0.90475,0.7185,0.69514,2.4752,1.5708,0.79632,1,0.99975,0.61067,0.055881,0.0030226,1.2537,0.23027,1.1712,0.034063,0.025,0.035063
2,1,2,2,0.87856,0.85895,1.213,1.237,0.362,0.381,0.819,0.823,0.31217,0.32092,4.3874,3.2336,-2.1105,-2.0194,0.066058,0.048022,0.43403,0.43403,0.81657,0.79525,0.36685,0.3314,0.95162,0.92391,0.75687,0.72585,0.95835,0.90773,0.73058,0.7118,1.6627,1.5314,0.85449,1,0.99946,0.74655,0.095077,0.003886,1.2622,0.40567,1.1062,0.074942,0.033,0.054411
2,1,2,2,0.88204,0.88361,1.1855,1.215,0.3425,0.376,0.855,0.7995,0.28589,0.32695,4.4892,3.2922,-2.1361,-2.0178,0.036231,0.036486,0.4138,0.4138,0.79546,0.80994,0.31978,0.25392,0.93027,0.93191,0.73508,0.75127,0.93587,0.90022,0.70058,0.69536,2.1508,1.501,0.84784,1,0.99745,0.73926,0.08404,0.0030945,1.2465,0.35983,1.1063,0.071518,0.0475,0.080135
2,1,2,3,0.84671,0.89511,1.2525,1.2605,0.357,0.386,0.8905,0.859,0.28235,0.31525,4.249,2.0622,-2.0137,-1.9284,0.039873,0.028389,0.40023,0.40023,0.7863,0.82058,0.35507,0.30853,0.92535,0.92226,0.72392,0.74647,0.93204,0.89759,0.72097,0.70168,2.0127,1.5708,0.88727,1,0.99945,0.70629,0.11077,0.0037499,1.2209,0.40223,1.0644,0.090657,0.0315,0.050299
2,1,2,3,0.90992,0.89396,1.087,1.081,0.322,0.367,0.745,0.695,0.3075,0.36283,4.896,2.4047,-2.339,-2.2953,0.054214,0.058188,0.46064,0.46064,0.84402,0.83757,0.37439,0.29244,0.96913,0.91346,0.76189,0.80871,0.96768,0.92035,0.76476,0.72266,1.6113,1.4906,0.86419,1,0.99794,0.78599,0.11664,0.0039205,1.2396,0.51006,1.0477,0.10627,0.059,0.10856
2,1,2,3,0.90245,0.8343,1.127,1.11,0.313,0.337,0.787,0.763,0.28919,0.30636,4.7222,2.3419,-2.2037,-2.2071,0.043983,0.039786,0.44222,0.44222,0.79673,0.78174,0.354,0.26038,0.95917,0.89352,0.75027,0.76497,0.92087,0.85517,0.68483,0.66596,1.4706,1.3365,0.88754,1,0.9999,0.73972,0.10698,0.0039615,1.1947,0.38638,1.0454,0.089991,0.043,0.076309
2,1,3,1,0.76564,0.79577,1.564,1.532,0.4925,0.5045,1.0415,1.007,0.30955,0.32893,3.403,3.4738,-1.5986,-1.636,0.049346,0.035419,0.32552,0.32552,0.75088,0.76052,0.3874,0.32819,0.86366,0.89287,0.64967,0.69349,0.92053,0.90976,0.67584,0.70194,3.1416,2.0418,0.79093,1,0.9986,0.56396,0.085088,0.0051493,1.2651,0.2477,1.191,0.056389,0.067,0.085678
2,1,3,1,0.81023,0.78506,1.556,1.5315,0.478,0.474,1.0665,1.068,0.31793,0.30782,3.4203,3.475,-1.6057,-1.6244,0.043892,0.039821,0.32124,0.32124,0.76786,0.74501,0.34959,0.33145,0.922,0.8759,0.70253,0.65339,0.90979,0.87416,0.66402,0.67987,3.0149,1.5759,0.73004,1,0.99992,0.58442,0.033343,0.0042025,1.2417,0.26176,1.1523,0.020259,0.008,0.010283
2,1,3,1,0.81436,0.87703,1.449,1.4565,0.4745,0.511,0.979,0.9535,0.32528,0.35893,3.6729,3.6542,-1.7286,-1.7151,0.040364,0.047755,0.35095,0.35095,0.77082,0.82139,0.3086,0.29701,0.9079,0.92959,0.67051,0.77381,0.90276,0.92907,0.70564,0.74576,1.9184,3.1416,0.75829,1,0.99784,0.59381,0.056018,0.005861,1.2708,0.27261,1.1774,0.058961,0.014,0.019324
2,1,3,2,0.83883,0.76151,1.283,1.2875,0.3875,0.431,0.8785,0.867,0.30821,0.3324,4.1482,3.1068,-1.9811,-1.9265,0.044271,0.047101,0.39786,0.39786,0.78211,0.74454,0.36949,0.28729,0.88745,0.84029,0.69685,0.66106,0.9442,0.83738,0.7515,0.71698,2.3382,1.5286,0.82434,1,0.99833,0.71555,0.063724,0.0021816,1.2333,0.34019,1.1185,0.056315,0.0375,0.058457
2,1,3,2,0.8604,0.87217,1.1775,1.21,0.394,0.4205,0.805,0.782,0.32933,0.35262,4.5199,3.3058,-2.161,-2.0551,0.0739,0.052252,0.4138,0.4138,0.83718,0.83484,0.32159,0.26986,0.95614,0.91573,0.77686,0.76893,0.9373,0.87801,0.74437,0.76411,1.4332,1.6361,0.87424,1,0.99941,0.72108,0.083286,0.0025969,1.24,0.49961,1.0526,0.07428,0.037,0.062845
2,1,3,2,0.85382,0.84014,1.125,1.1495,0.341,0.4035,0.774,0.7205,0.31875,0.36304,4.7308,3.4798,-2.2891,-2.1539,0.10129,0.10404,0.44041,0.44041,0.80772,0.81795,0.34182,0.25958,0.91925,0.90125,0.73692,0.72193,0.94314,0.87473,0.74786,0.78373,1.5708,2.3661,0.75106,1,0.99133,0.80231,0.13727,0.0031915,1.2287,0.57617,1.0027,0.13124,0.0595,0.10578
2,1,3,3,0.82965,0.88265,2.073,0.466,0.739,0.214,1.267,0.25,0.366,0.46352,2.5673,5.5782,-1.2246,-5.1114,0.14814,1,0.23609,1.0731,0.81107,0.84661,0.29506,0.1434,0.94173,0.8581,0.74981,0.84813,0.92625,0.84885,0.74647,0.81991,3.1416,1.0192,0.068258,4.5,0.62629,0.59101,2.3797,0.98367,1.1997,1.1882,0.9198,-1.8556,1e-05,4.2918e-05
2,1,3,3,0.80631,0.88053,2.1015,0.477,0.779,0.211,1.334,0.263,0.3659,0.44635,2.5325,5.4496,-1.2205,-5.0845,0.15935,1,0.21142,1.0269,0.78843,0.85665,0.32667,0.18735,0.93098,0.87949,0.70969,0.85632,0.87477,0.86694,0.71838,0.80825,3.1416,1.0174,0.05792,5,0.45706,0.44746,2.3265,0.95834,1.2075,1.1661,0.9286,-0.85767,1.25e-05,5.2411e-05
2,1,3,3,0.8033,0.88534,2.0995,0.44,0.7735,0.203,1.3255,0.236,0.36526,0.46177,2.5349,5.9079,-1.214,-5.4187,0.13063,1,0.23703,1.1283,0.7849,0.84982,0.35014,0.15584,0.90325,0.86615,0.71027,0.87295,0.87452,0.84752,0.75069,0.81076,3.1416,0.77199,0.050429,5,0.15201,0.13659,1.0409,0.94068,1.1925,1.1659,0.91898,-0.76819,2.1e-05,9.5455e-05
2,4,1,1,0.81536,0.79024,2.375,2.39,0.908,0.804,1.487,1.59,0.37592,0.32916,2.2408,2.2267,-1.0634,-1.0708,0.1921,0.10969,0.21807,0.21807,0.70466,0.75554,0.37589,0.39498,0.9225,0.94279,0.62592,0.65033,0.82311,0.86327,0.62183,0.65702,1.8882,3.1416,0.74073,1,0.99439,0.37775,0.057372,0.0052643,1.253,0.29072,1.1484,0.039092,-0.02,-0.016842
2,4,1,1,0.75195,0.76283,2.311,2.2775,0.804,0.644,1.461,1.6055,0.36287,0.29687,2.3031,2.3368,-1.1125,-1.1232,0.23755,0.1753,0.21798,0.21798,0.75122,0.7416,0.47422,0.4475,0.91017,0.91303,0.62427,0.62623,0.82739,0.82755,0.58717,0.61035,3.1416,3.1416,0.77764,1,0.99853,0.39719,0.057639,0.0056375,1.1684,0.38145,1.0118,0.051187,0.0055,0.0047598
2,4,1,1,0.63822,0.76447,2.636,2.626,0.938,0.881,1.664,1.772,0.36836,0.32343,2.0189,2.0266,-0.97795,-0.99034,0.28574,0.137,0.17833,0.17833,0.69024,0.72715,0.46846,0.46411,0.82598,0.89957,0.57405,0.63789,0.75943,0.91285,0.59529,0.60023,2.8892,3.1416,0.70951,1,0.99842,0.32854,0.016536,0.0049765,1.2211,0.30846,1.1064,0.0062151,-0.036,-0.027314
2,4,1,2,0.86636,0.80193,1.6725,1.621,0.4735,0.4445,1.186,1.18,0.2842,0.28216,3.182,2.4676,-1.5349,-1.5833,0.053276,0.096795,0.29839,0.29839,0.77633,0.77869,0.39117,0.34099,0.97613,0.94598,0.73052,0.72211,0.8962,0.89313,0.70736,0.714,2.6715,1.5708,0.7481,1,0.99987,0.54238,0.017463,0.0033197,1.2172,0.58739,0.97734,0.014251,0.016,0.019133
2,4,1,2,0.85164,0.83413,1.719,1.7265,0.5555,0.495,1.163,1.2235,0.32935,0.28043,3.0959,2.3168,-1.4848,-1.4591,0.22082,0.06065,0.29668,0.29668,0.78984,0.79985,0.37118,0.3561,0.96007,0.95563,0.71875,0.72185,0.89266,0.90479,0.6623,0.70462,1.5407,2.3648,0.80077,1,0.9995,0.53138,0.073232,0.0048645,1.2025,0.52611,0.97724,0.060561,0.013,0.015125
2,4,1,2,0.79295,0.84942,1.763,1.7745,0.57,0.4635,1.208,1.307,0.32243,0.26499,3.0187,2.2542,-1.4348,-1.4505,0.1445,0.043791,0.27432,0.27432,0.71213,0.77111,0.40848,0.37703,0.90631,0.97522,0.66773,0.73067,0.84574,0.90032,0.60665,0.65937,1.824,1.5081,0.75174,1,0.99616,0.47277,0.025327,0.0033587,1.2127,0.42909,1.0328,0.02014,0.001,0.0011344
2,4,1,3,0.85104,0.78732,1.7775,1.7695,0.5715,0.5385,1.245,1.221,0.31981,0.29288,2.9941,1.4691,-1.4399,-1.3924,0.11007,0.05209,0.28432,0.28432,0.73085,0.67538,0.40984,0.35742,0.94337,0.92241,0.65835,0.6091,0.92483,0.84926,0.65581,0.639,2.357,3.1416,0.79262,1,0.99828,0.55184,0.082429,0.005261,1.2182,0.31181,1.0958,0.057605,0.017,0.019128
2,4,1,3,0.84705,0.89055,1.4755,1.4715,0.4545,0.4035,1.026,1.0655,0.30934,0.27795,3.6069,1.7665,-1.7242,-1.7418,0.10734,0.066881,0.33053,0.33053,0.77853,0.83926,0.38756,0.32408,0.9644,0.95732,0.70634,0.76894,0.89247,0.93815,0.71015,0.73212,2.3512,1.6695,0.79163,1,0.99535,0.55182,0.059107,0.003112,1.2182,0.62399,0.94559,0.055774,0.0145,0.019654
2,4,1,3,0.85418,0.82322,1.5225,1.5245,0.438,0.395,1.0665,1.1225,0.2964,0.26622,3.4955,1.7051,-1.6849,-1.6344,0.056553,0.072638,0.32552,0.32552,0.77183,0.73639,0.35043,0.33989,0.97017,0.88917,0.74585,0.74098,0.88913,0.87858,0.67277,0.60238,2.2789,1.4311,0.7627,1,0.98643,0.66925,0.032061,0.0070406,1.1812,0.5623,0.9512,0.03577,0.0185,0.024302
2,4,2,1,0.84196,0.82526,1.741,1.753,0.61,0.527,1.157,1.228,0.34663,0.29686,3.0568,3.0359,-1.4831,-1.4688,0.24134,0.047658,0.28646,0.28646,0.76619,0.76052,0.34213,0.4046,0.95367,0.94703,0.72085,0.71207,0.91449,0.88325,0.66903,0.6288,1.5708,3.1416,0.75314,1,0.9989,0.50976,0.031017,0.0068856,1.2312,0.52193,1.0236,0.036179,0.037,0.042504
2,4,2,1,0.88098,0.75193,1.746,1.716,0.548,0.553,1.16,1.187,0.31228,0.32494,3.0481,3.1014,-1.4895,-1.523,0.12827,0.093194,0.28646,0.28646,0.7659,0.78156,0.37617,0.35481,0.9855,0.93766,0.74087,0.73714,0.9113,0.81812,0.70529,0.6686,2.6595,1.5708,0.76186,1,0.99788,0.50122,0.054027,0.0065066,1.2492,0.55054,1.0383,0.050015,0.044,0.050401
2,4,2,1,0.78667,0.79813,1.733,1.7115,0.611,0.607,1.071,1.116,0.35782,0.35061,3.0709,3.1096,-1.4656,-1.5178,0.11913,0.084063,0.28796,0.28796,0.7563,0.83141,0.35627,0.30976,0.92537,0.95962,0.73147,0.77523,0.82745,0.83985,0.69366,0.70211,1.6557,1.5708,0.76057,1,0.99537,0.48959,0.031557,0.0032615,1.2352,0.51705,1.045,0.031801,0.0455,0.05251
2,4,2,2,0.72669,0.75653,1.483,1.466,0.482,0.484,0.9695,0.974,0.33637,0.3326,3.5886,2.7285,-1.7287,-1.7001,0.1616,0.028326,0.33444,0.33444,0.75621,0.72688,0.34022,0.2822,0.89496,0.87925,0.69696,0.65899,0.82469,0.78696,0.62226,0.63328,1.4067,1.4007,0.42768,1,0.99116,0.55035,0.50856,0.10491,1.1315,0.61132,0.97334,0.31391,0.0895,0.1207
2,4,2,2,0.8416,0.77453,1.4745,1.501,0.4955,0.5105,0.976,0.9655,0.33605,0.34233,3.6094,2.6649,-1.7586,-1.704,0.068072,0.057949,0.33444,0.33444,0.79265,0.81678,0.3254,0.28859,0.96162,0.91626,0.77572,0.74589,0.90451,0.83735,0.71799,0.72693,2.3387,1.5383,0.77504,1,0.99938,0.58923,0.12964,0.0084594,1.2491,0.55346,1.0452,0.10954,0.05,0.06782
2,4,2,2,0.90656,0.86978,1.4915,1.4615,0.4605,0.5435,1.014,0.936,0.31879,0.36793,3.5682,2.7369,-1.7319,-1.7624,0.057076,0.086352,0.33444,0.33444,0.81576,0.87385,0.36665,0.30123,0.99071,0.96018,0.78077,0.83319,0.93482,0.90789,0.74383,0.80217,1.4993,1.5708,0.77498,1,0.99991,0.59603,0.049523,0.0030235,1.276,0.63002,1.0302,0.042844,0.0565,0.075763
2,4,2,3,0.76848,0.78138,1.7745,0.5805,0.7255,0.2515,1.067,0.3195,0.39702,0.43847,2.9991,4.478,-1.453,-4.185,0.30994,1,0.29033,0.87099,0.74001,0.79435,0.41516,0.15191,0.92167,0.85954,0.70057,0.80503,0.86767,0.77479,0.65283,0.75222,3.1416,1.2459,0.16553,3,0.65926,0.73812,-2.2386,0.49534,1.169,0.99769,0.93232,-1.2223,-2.5e-06,-8.6133e-06
2,4,2,3,0.68288,0.79631,1.645,0.542,0.645,0.244,1.028,0.296,0.37546,0.44969,3.2352,4.7961,-1.5284,-4.3875,0.18482,1,0.3026,0.89404,0.654,0.79962,0.39138,0.14223,0.89006,0.87571,0.63993,0.82681,0.78406,0.74423,0.55679,0.73304,1.9845,1.0295,0.2034,3,0.62445,0.6814,-1.8495,0.44074,1.1336,0.9931,0.88452,-1.237,-4.9e-05,-0.00018081
2,4,2,3,0.76461,0.72205,1.709,0.5505,0.5855,0.2575,1.114,0.288,0.34059,0.47536,3.1141,4.722,-1.4918,-4.3521,0.16157,1,0.28884,0.89404,0.74785,0.74231,0.34597,0.15004,0.93309,0.81717,0.71313,0.80798,0.82833,0.71336,0.6406,0.67567,2.4891,1.0048,0.24472,3,0.64194,0.70333,-1.5725,0.36683,1.128,1.0134,0.88787,-1.0386,-1.25e-05,-4.5413e-05
2,4,3,1,0.8452,0.82919,2.1445,2.1315,0.7335,0.653,1.3925,1.4765,0.3381,0.30771,2.4817,2.4968,-1.2143,-1.2221,0.35507,0.084291,0.23032,0.23032,0.7429,0.76516,0.42735,0.40215,0.97642,0.98312,0.69573,0.73432,0.90768,0.832,0.61993,0.65608,3.1416,1.5708,0.77153,1,0.99595,0.40317,0.046569,0.0049165,1.23,0.52386,1.0167,0.046627,-0.0005,-0.00046631
2,4,3,1,0.76601,0.84007,2.1445,2.1795,0.745,0.6515,1.4185,1.508,0.33338,0.29787,2.4819,2.4418,-1.1941,-1.1896,0.3289,0.10033,0.22711,0.22711,0.73635,0.81999,0.38795,0.36568,0.93065,0.95053,0.65916,0.78884,0.83506,0.90746,0.61439,0.65946,3.1416,1.5708,0.77292,1,0.99188,0.38456,0.049946,0.0040048,1.2132,0.51362,1.0136,0.046906,0.0195,0.018186
2,4,3,1,0.80603,0.74801,2.045,2.053,0.675,0.658,1.35,1.362,0.33333,0.312,2.6024,2.5923,-1.2594,-1.2676,0.24302,0.066516,0.23353,0.23353,0.74619,0.7614,0.39287,0.35002,0.95633,0.93322,0.69981,0.74565,0.86094,0.8204,0.6583,0.65431,2.7602,1.8644,0.76545,1,0.9975,0.41561,0.051163,0.0034945,1.2334,0.47479,1.0583,0.04593,0.035,0.03423
2,4,3,2,0.82907,0.81739,3.045,1.0065,1.2055,0.3195,1.834,0.6605,0.39083,0.33808,1.7478,3.9742,-0.84628,-2.5427,0.38865,0.20495,0.16276,0.48177,0.73074,0.82028,0.60848,0.32356,0.94955,0.92233,0.57107,0.77833,0.86473,0.86394,0.58056,0.72769,3.1416,1.2339,0.22302,3,0.86285,1.0534,-1.2924,0.43552,1.1117,0.99588,0.86651,-1.06,1e-06,1.9871e-06
2,4,3,2,0.80864,0.84405,2.533,0.846,0.8915,0.319,1.6645,0.5165,0.34492,0.39324,2.101,4.7281,-0.99896,-2.9983,0.23755,1,0.19531,0.58594,0.76035,0.83998,0.43998,0.28051,0.93161,0.92943,0.68281,0.82912,0.89368,0.86859,0.61181,0.74828,3.1416,1.146,0.23902,3,0.7716,1.0503,-1.7698,0.46352,1.1698,1.0513,0.91003,-1.4053,-4.25e-05,-0.00010047
2,4,3,2,0.83894,0.81332,2.5595,0.8535,0.92,0.318,1.6905,0.518,0.3569,0.38436,2.0793,4.6866,-1.0017,-2.9897,0.18448,1,0.20054,0.60163,0.71907,0.82007,0.46447,0.29355,0.95321,0.89984,0.63707,0.80357,0.95127,0.87196,0.60474,0.73738,2.4059,3.1416,0.23976,3,0.80867,1.124,-1.6967,0.45171,1.1674,1.038,0.91428,-1.2276,-4.8e-05,-0.00011248
2,4,3,3,0.8813,0.79759,1.712,0.576,0.562,0.257,1.145,0.307,0.31911,0.45927,3.1086,4.513,-1.4651,-4.1868,0.10211,1,0.2917,0.86242,0.78797,0.80285,0.39222,0.19059,0.95384,0.89491,0.75575,0.83873,0.94274,0.74782,0.62054,0.74514,1.7286,1.0425,0.26685,3,0.67326,0.74905,-1.8119,0.35304,1.1493,1.0607,0.8578,-1.8359,-2.3e-05,-7.9861e-05
2,4,3,3,0.87054,0.80124,1.852,0.618,0.605,0.256,1.169,0.333,0.33954,0.44539,2.8736,4.2062,-1.3648,-3.9279,0.099798,1,0.27391,0.83365,0.74219,0.80945,0.42231,0.18433,0.92687,0.89173,0.66054,0.81927,0.95389,0.79263,0.64508,0.74223,2.0288,1.2108,0.23609,3,0.6968,0.80037,-1.5951,0.38635,1.1576,1.0693,0.87598,-1.4425,-5.9e-05,-0.00019094
2,4,3,3,0.8808,0.78251,1.643,0.5525,0.541,0.245,1.095,0.2885,0.33537,0.46592,3.2392,4.7049,-1.5381,-4.3202,0.094187,1,0.3066,0.91979,0.73516,0.79112,0.41026,0.19222,0.94232,0.83674,0.67161,0.81774,0.95343,0.78459,0.65764,0.72578,3.1416,3.1416,0.21586,3,0.70885,0.75782,-1.5435,0.38781,1.1283,1.0451,0.84171,-1.2084,-4.9e-05,-0.00017738
2,5,1,1,0.78264,0.71094,1.6975,1.6395,0.626,0.607,1.0525,1.0645,0.37386,0.36329,3.1352,3.2461,-1.4849,-1.5311,0.13736,0.11703,0.30227,0.30227,0.71263,0.71736,0.34452,0.32283,0.86552,0.85044,0.64183,0.58817,0.90049,0.78069,0.67938,0.66635,3.1416,2.9596,0.76359,1,0.99942,0.54127,0.065534,0.0085897,1.1826,0.35457,1.0532,0.058773,0.0055,0.0064801
2,5,1,1,0.58912,0.5446,1.879,1.855,0.697,0.6705,1.189,1.23,0.36259,0.35216,2.8323,2.869,-1.357,-1.4007,0.15606,0.11177,0.26537,0.26537,0.66757,0.64956,0.42538,0.47856,0.73616,0.70312,0.58272,0.57803,0.71328,0.68866,0.63189,0.61085,3.1416,2.9533,0.75221,1,0.99219,0.4442,0.054483,0.0079021,1.1356,0.36421,1.0298,0.044497,-0.0025,-0.002661
2,5,1,1,0.7201,0.74089,1.7275,1.6945,0.6105,0.6,1.1435,1.1465,0.35163,0.34092,3.0808,3.1407,-1.428,-1.4506,0.095725,0.09033,0.27302,0.27302,0.69575,0.73627,0.3506,0.34089,0.80124,0.81454,0.62051,0.62324,0.83903,0.85046,0.62388,0.66398,3.1416,3.0796,0.75167,1,0.99819,0.48396,0.021186,0.0041926,1.1612,0.29605,1.058,0.01868,0.0005,0.00057887
2,5,1,2,0.73547,0.85818,2.5655,0.736,1.052,0.311,1.443,0.423,0.41859,0.43093,2.0745,5.4348,-0.9963,-3.3955,0.38696,0.28407,0.18989,0.67817,0.72432,0.82416,0.40642,0.18841,0.71289,0.86005,0.63383,0.80965,0.89147,0.84291,0.62909,0.78182,3.1416,1.1083,0.061808,3.5,0.9718,1.2288,-1.2057,0.96124,1.1593,1.1199,0.93124,-0.058704,-7.5e-06,-2.038e-05
2,5,1,2,0.60769,0.83625,3.322,0.953,1.3915,0.338,1.9345,0.617,0.41641,0.35762,1.602,4.1973,-0.78262,-2.6595,0.41698,0.1751,0.14291,0.52996,0.65534,0.805,0.54363,0.2628,0.72617,0.87189,0.57001,0.76773,0.79608,0.87087,0.58593,0.7267,2.9589,2.1804,0.043274,3.7083,0.79968,1.0786,-0.88406,0.98471,1.1381,1.0479,0.94835,-9.8992,-8.25e-05,-0.00017314
2,5,1,2,0.71757,0.77858,2.0015,1.05,0.725,0.388,1.2245,0.639,0.38046,0.36938,2.659,3.8095,-1.287,-2.3605,0.21927,0.11726,0.25577,0.51153,0.71168,0.7642,0.36866,0.23125,0.81116,0.82667,0.64811,0.71461,0.83556,0.82855,0.63194,0.69585,3.1416,1.5708,0.058897,2,0.66996,0.96157,0.51659,0.79083,1.1562,1.0067,0.95643,-0.51894,-5.8e-05,-0.00011048
2,5,1,3,0.81383,0.83764,1.494,0.418,0.559,0.207,0.948,0.207,0.38571,0.50245,3.5622,6.2188,-1.7156,-5.5938,0.1404,1,0.31595,1.1776,0.74967,0.80551,0.33262,0.14258,0.87763,0.79603,0.70633,0.8696,0.90681,0.8104,0.6591,0.73756,3.1416,1.0255,0.042194,3.7273,0.74101,0.64499,-3.0512,0.98591,1.1634,1.1126,0.90697,-17.158,-2.7e-05,-0.00012919
2,5,1,3,0.57246,0.8145,1.8795,0.415,0.78,0.204,1.0745,0.207,0.41678,0.49867,2.8316,6.2638,-1.3908,-5.5138,0.33036,1,0.26334,1.196,0.67055,0.78542,0.53463,0.1501,0.70918,0.77183,0.58455,0.84186,0.74246,0.81112,0.62891,0.70834,2.6361,0.78946,0.04199,4.5,0.61259,0.51827,1.8261,0.99243,1.0978,0.99601,0.88336,-1.6375,-2.05e-05,-9.8795e-05
2,5,1,3,0.87981,0.77954,1.7415,0.401,0.766,0.201,1.0435,0.2,0.43568,0.50577,3.0561,6.4824,-1.4971,-5.8905,0.35441,1,0.27432,1.218,0.82529,0.78514,0.36511,0.14132,0.93528,0.76944,0.74587,0.82563,0.92865,0.77343,0.7141,0.72375,3.1416,1.0038,0.032563,4.5,0.55671,0.46559,-1.1033,0.97486,1.1588,1.1146,0.89781,-1.4832,1e-05,4.9875e-05
2,5,2,1,0.81397,0.83126,1.694,1.7015,0.529,0.5805,1.1585,1.065,0.31715,0.35821,3.1416,3.1278,-1.5287,-1.5238,0.064913,0.10488,0.29064,0.29064,0.77608,0.7941,0.36345,0.34846,0.8914,0.89098,0.69498,0.72348,0.90946,0.92956,0.66682,0.72853,1.4323,2.0303,0.63772,1,0.99839,0.51111,0.36666,0.020503,1.2371,0.62466,1.0162,0.31653,0.2325,0.2745
2,5,2,1,0.82954,0.79706,1.654,1.654,0.5325,0.651,1.0775,1.006,0.3155,0.39585,3.2176,3.2176,-1.5473,-1.5582,0.098964,0.10959,0.29948,0.29948,0.79095,0.79609,0.32735,0.28407,0.88817,0.90012,0.70508,0.75629,0.93703,0.84617,0.71542,0.72408,1.5708,1.8784,0.62551,1,0.9972,0.51679,0.39791,0.024786,1.2352,0.58594,1.0547,0.3659,0.000155,0.00018742
2,5,2,1,0.81743,0.82087,1.2415,1.2405,0.454,0.543,0.794,0.706,0.36222,0.4334,4.2867,4.2904,-2.0547,-2.0474,0.077666,0.10675,0.39378,0.39378,0.79903,0.82448,0.27306,0.22671,0.89027,0.84518,0.76889,0.7985,0.85595,0.87108,0.7047,0.77619,1.6617,1.7838,0.65163,1,0.99951,0.66749,0.30199,0.015282,1.2418,0.51605,1.082,0.28016,0.1545,0.24889
2,5,2,2,0.73609,0.82161,1.926,0.664,0.667,0.312,1.255,0.357,0.33853,0.46055,2.7632,6.0241,-1.3457,-3.8114,0.13764,1,0.25755,0.7834,0.73653,0.81566,0.3859,0.18291,0.79782,0.81717,0.63072,0.79379,0.92024,0.85769,0.68319,0.77008,2.1214,1.1604,0.076667,3,0.70191,0.85042,-1.7036,0.72916,1.1939,1.0849,0.95033,-0.63091,-1e-05,-3.012e-05
2,5,2,2,0.7266,0.84129,1.8635,0.6675,0.6585,0.301,1.197,0.367,0.36441,0.45777,2.856,5.9925,-1.3743,-3.7665,0.14669,1,0.27302,0.74555,0.73104,0.83601,0.39407,0.18777,0.78573,0.83936,0.61736,0.8351,0.9089,0.86417,0.66799,0.80113,3.1416,1.0427,0.072426,2.7308,0.86509,1.0553,1.1244,0.99649,1.1853,1.0913,0.92658,-14.286,-1.25e-05,-3.7453e-05
2,5,2,2,0.74361,0.8588,1.837,0.629,0.696,0.293,1.196,0.338,0.36526,0.46646,2.8971,6.3593,-1.3791,-4.0523,0.18022,1,0.26984,0.78382,0.70847,0.86585,0.38906,0.18674,0.74988,0.87421,0.60599,0.87587,0.95214,0.86772,0.63899,0.8261,1.9475,1.0966,0.16,3,0.85015,0.98478,-0.25407,0.54176,1.1863,1.1659,0.93407,-0.45106,2.9e-05,9.221e-05
2,5,2,3,0.7679,0.80596,1.8445,0.4275,0.6705,0.212,1.219,0.2145,0.3509,0.4951,2.8855,6.0806,-1.4103,-5.5923,0.13691,1,0.26537,1.1889,0.75749,0.79946,0.40182,0.14659,0.84598,0.79597,0.63523,0.81635,0.95146,0.79185,0.6754,0.77594,3.1416,0.95598,0.030175,4.5,0.59152,0.50494,0.55585,0.96642,1.1672,1.0855,0.90326,-0.67957,-9.5e-06,-4.4444e-05
2,5,2,3,0.81127,0.82203,1.5955,0.4125,0.577,0.2015,1.0465,0.204,0.34504,0.49703,3.3356,6.3017,-1.596,-5.9652,0.089162,1,0.30768,1.1772,0.7322,0.8389,0.34281,0.15037,0.87319,0.83072,0.62905,0.86641,0.94738,0.82203,0.65325,0.79814,3.1416,0.99075,0.025709,3.5,0.4449,0.38636,2.2055,0.95755,1.1858,1.1316,0.91601,-0.92203,4.5e-06,2.1818e-05
2,5,2,3,0.75652,0.82361,1.559,0.423,0.531,0.206,1.0085,0.214,0.3411,0.48927,3.4137,6.1453,-1.6453,-5.686,0.1004,1,0.313,1.2395,0.72428,0.81054,0.35271,0.12786,0.81808,0.80336,0.6649,0.8457,0.90142,0.81692,0.65745,0.77106,2.3454,1.0305,0.037824,3.5,0.71784,0.59518,3.0413,0.97238,1.165,1.085,0.91941,-0.52177,-8e-06,-3.7825e-05
2,5,3,1,0.84664,0.84869,1.294,1.3205,0.3915,0.467,0.903,0.847,0.2997,0.3602,4.1128,4.0303,-1.9749,-1.9594,0.059419,0.086754,0.38147,0.38147,0.79243,0.83129,0.35831,0.30038,0.89225,0.9299,0.7095,0.77793,0.92446,0.88572,0.67652,0.73067,1.5164,2.7414,0.64627,1,0.9902,0.59739,0.4156,0.016637,1.2407,0.66277,0.99843,0.39205,0.169,0.26121
2,5,3,1,0.78745,0.74612,1.5115,1.5555,0.419,0.623,1.0755,0.8825,0.29359,0.40542,3.521,3.4214,-1.7169,-1.6351,0.046233,0.098462,0.33031,0.33031,0.75877,0.74196,0.34553,0.2864,0.87928,0.82825,0.66974,0.73592,0.89381,0.7688,0.65738,0.67655,1.6557,1.5708,0.58359,1,0.99925,0.58476,0.45586,0.031551,1.1906,0.59184,1.02,0.40042,0.268,0.35461
2,5,3,1,0.75752,0.80693,1.316,1.312,0.3835,0.5315,0.911,0.785,0.30017,0.40302,4.044,4.0563,-1.9459,-1.956,0.052007,0.07715,0.37692,0.37692,0.70778,0.78629,0.34968,0.23643,0.87813,0.87271,0.66651,0.77217,0.87218,0.83924,0.63581,0.72752,1.4819,1.5708,0.7775,1,0.99406,0.60789,0.35977,0.020631,1.2239,0.53646,1.0577,0.31173,0.2025,0.30775
2,5,3,2,0.75589,0.82636,1.689,0.78,0.585,0.313,1.139,0.46,0.32809,0.40027,3.1509,5.1282,-1.4994,-3.2453,0.14198,0.30379,0.2917,0.63413,0.72171,0.82516,0.3515,0.24498,0.7883,0.85365,0.62068,0.78059,0.89087,0.89888,0.66437,0.80028,2.0148,1.2528,0.063189,2.1739,0.99242,1.1165,2.6498,0.98209,1.1652,1.0879,0.93301,-15.293,5e-06,1.2821e-05
2,5,3,2,0.74706,0.80287,1.3485,0.575,0.447,0.281,0.895,0.3015,0.33939,0.47539,3.9466,6.9565,-1.9179,-4.4011,0.094468,1,0.37435,0.89518,0.77103,0.80127,0.32747,0.15959,0.79802,0.81603,0.68564,0.80712,0.94594,0.80159,0.68674,0.79248,1.5708,0.9864,0.031939,2.5,0.36999,0.39816,-0.33397,0.97588,1.1846,1.1047,0.94004,-0.42865,-2.2e-05,-7.6522e-05
2,5,3,2,0.68796,0.78382,1.5385,0.599,0.4755,0.282,1.066,0.317,0.32158,0.47156,3.4592,6.6778,-1.6841,-4.252,0.08418,0.71233,0.313,0.8138,0.76007,0.80073,0.40742,0.19474,0.77398,0.82156,0.63592,0.81179,0.91759,0.8398,0.66432,0.76799,1.8905,1.1004,0.043462,2.5,0.82128,0.92643,-2.9961,0.91574,1.1694,1.0695,0.95096,-0.58211,-5e-06,-1.6694e-05
2,5,3,3,0.74028,0.83331,1.3785,0.461,0.4945,0.223,0.9085,0.237,0.35271,0.48696,3.8607,5.6387,-1.8967,-5.2711,0.10579,1,0.36798,1.0615,0.76333,0.81947,0.29111,0.17144,0.81229,0.81672,0.69765,0.83737,0.89585,0.82888,0.71853,0.80281,1.6611,0.87628,0.078394,3,0.6494,0.61794,2.3402,0.58498,1.1946,1.0873,0.9196,0.20636,9e-06,3.9046e-05
2,5,3,3,0.79277,0.82829,1.374,0.481,0.388,0.2345,0.934,0.2495,0.28949,0.4884,3.8733,5.4043,-1.8892,-5.1027,0.078493,1,0.38422,1.0886,0.7944,0.83255,0.34707,0.16846,0.8528,0.80005,0.71446,0.8474,0.93653,0.85622,0.71746,0.79058,3.1416,0.83085,0.044707,2.8333,0.75135,0.70289,-1.3671,0.97737,1.2024,1.1373,0.92302,-5.3752,0,0
2,5,3,3,0.83662,0.85366,1.2655,0.415,0.4025,0.211,0.8415,0.206,0.32598,0.5045,4.2054,6.2638,-2.0545,-5.9137,0.075527,1,0.38147,1.2207,0.79527,0.85634,0.33756,0.13925,0.92646,0.81184,0.72535,0.88138,0.93356,0.86504,0.74496,0.80081,3.1416,0.8526,0.042376,3.2,0.48615,0.40521,2.8416,0.96591,1.226,1.1756,0.94169,-1.4672,2.5e-06,1.2048e-05
2,7,1,1,0.81839,0.7326,2.149,2.183,0.803,0.821,1.3735,1.319,0.36514,0.38796,2.4765,2.438,-1.1572,-1.167,0.11308,0.2109,0.21391,0.21391,0.71492,0.75308,0.37302,0.33544,0.93697,0.86475,0.65831,0.73004,0.87184,0.79751,0.66871,0.66272,1.7137,2.9552,0.71815,1,0.99659,0.37975,-0.02221,0.0082043,1.2259,0.32341,1.1255,-0.0062991,0.0035,0.0032573
2,7,1,1,0.71886,0.71652,2.0435,2.0525,0.6505,0.7775,1.389,1.2735,0.33956,0.39079,2.6043,2.593,-1.2439,-1.2285,0.085618,0.1802,0.24651,0.24651,0.68632,0.72017,0.38581,0.33931,0.88745,0.87113,0.68965,0.68462,0.80827,0.81349,0.60796,0.64771,2.2888,3.1416,0.71325,1,0.99989,0.46068,-0.0085815,0.0074917,1.2152,0.32158,1.1209,0.0071975,0.0285,0.027893
2,7,1,1,0.7405,0.79563,1.9405,1.909,0.643,0.7495,1.2385,1.1615,0.33773,0.39051,2.7426,2.7878,-1.2922,-1.3111,0.070095,0.11698,0.26117,0.26117,0.69324,0.78289,0.39838,0.3048,0.88723,0.9082,0.68342,0.75552,0.77403,0.82957,0.60646,0.69314,3.1179,3.0237,0.74358,1,0.99987,0.49228,-0.022509,0.0081358,1.2234,0.30349,1.1326,-0.012363,0.0395,0.040711
2,7,1,2,0.78426,0.79722,1.76,1.7345,0.5705,0.659,1.122,1.0425,0.34326,0.38765,3.0238,2.3061,-1.4212,-1.4371,0.063282,0.11994,0.29871,0.29871,0.721,0.77829,0.3452,0.29095,0.92276,0.87329,0.70264,0.73184,0.80346,0.869,0.61302,0.71399,3.1416,3.1416,0.73763,1,0.99936,0.53713,0.0074497,0.010553,1.2131,0.36004,1.0896,0.019015,0.0295,0.033523
2,7,1,2,0.69682,0.74675,1.8155,1.783,0.592,0.632,1.221,1.1655,0.32995,0.35441,2.9316,2.2435,-1.4,-1.4151,0.065672,0.09925,0.25699,0.25699,0.65242,0.75502,0.37889,0.32383,0.91977,0.88951,0.61132,0.71915,0.78326,0.80593,0.59568,0.6525,3.1416,2.1902,0.73357,1,0.99966,0.48052,0.0053494,0.0089308,1.1943,0.34779,1.0709,0.013169,0.032,0.035252
2,7,1,2,0.69933,0.76616,1.978,1.965,0.638,0.743,1.37,1.201,0.32936,0.38449,2.6906,2.0356,-1.2838,-1.2764,0.083709,0.14035,0.22786,0.22786,0.64644,0.74801,0.41068,0.30187,0.90392,0.90696,0.67264,0.73431,0.74121,0.84637,0.59644,0.64315,2.2933,3.1416,0.70534,1,0.99984,0.43437,-0.012515,0.027113,1.1838,0.34845,1.0655,0.0067345,0.043,0.043478
2,7,1,3,0.7512,0.72582,1.45,1.445,0.429,0.491,0.974,0.891,0.3096,0.36608,3.6703,1.7989,-1.7311,-1.6959,0.049152,0.064348,0.36439,0.36439,0.74216,0.7144,0.34176,0.26421,0.93622,0.85269,0.69474,0.66547,0.80666,0.73961,0.60566,0.66969,1.678,1.3535,0.67596,1,0.98625,0.72041,0.016447,0.012547,1.1365,0.43022,0.99045,0.039929,0.045,0.062069
2,7,1,3,0.80392,0.84231,1.386,1.36,0.451,0.5165,0.9295,0.83,0.33933,0.38578,3.8398,1.9114,-1.8142,-1.7818,0.068853,0.070194,0.36439,0.36439,0.77798,0.804,0.31551,0.26853,0.94821,0.89651,0.71066,0.72289,0.85833,0.8134,0.66788,0.76643,3.1064,1.5708,0.76256,1,0.99095,0.71028,0.026152,0.0085809,1.1768,0.48424,1.001,0.039264,0.04,0.05772
2,7,1,3,0.71865,0.73792,1.536,1.552,0.4645,0.555,1.0945,0.974,0.29805,0.36939,3.4648,1.6749,-1.6421,-1.6111,0.046072,0.088021,0.32552,0.32552,0.70852,0.74223,0.34774,0.28181,0.90391,0.88102,0.66302,0.73022,0.79072,0.78045,0.58588,0.6556,3.1416,2.3906,0.74626,1,0.99883,0.61094,-0.007084,0.0063597,1.1552,0.43726,1.0038,0.01412,0.0455,0.059245
2,7,2,1,0.79614,0.84795,1.441,1.4955,0.5505,0.5845,0.9275,0.8635,0.37164,0.39888,3.6934,3.5586,-1.7476,-1.702,0.069947,0.17496,0.34555,0.34555,0.79043,0.82577,0.31743,0.28324,0.91345,0.90814,0.72259,0.80063,0.85058,0.89958,0.733,0.76473,2.2893,2.4562,0.72772,1,0.99945,0.60402,0.0015926,0.0024806,1.273,0.36165,1.1646,0.0029586,0.024,0.03331
2,7,2,1,0.82359,0.8379,1.5415,1.579,0.549,0.543,0.9815,0.9555,0.34832,0.40047,3.4524,3.3705,-1.6381,-1.5856,0.055086,0.13437,0.31707,0.31707,0.80078,0.83402,0.29297,0.29551,0.95029,0.92626,0.73993,0.79665,0.82004,0.88668,0.71169,0.74612,2.0071,1.6529,0.73543,1,0.9997,0.587,0.0056573,0.0039278,1.2684,0.32505,1.1618,0.0083494,0.023,0.029841
2,7,2,1,0.7934,0.7836,1.561,1.543,0.528,0.583,1.025,0.946,0.33999,0.38738,3.4093,3.4491,-1.6246,-1.6402,0.042121,0.10688,0.32552,0.32552,0.7452,0.80601,0.29802,0.31609,0.91393,0.88498,0.73963,0.75398,0.81119,0.86654,0.68306,0.73126,1.5708,3.1416,0.772,1,0.99855,0.56355,0.056432,0.0043895,1.2476,0.36788,1.1383,0.043333,0.034,0.043562
2,7,2,2,0.87496,0.87413,1.2355,1.215,0.49,0.519,0.7485,0.7075,0.39637,0.41608,4.3075,3.2922,-2.0435,-2.0961,0.14909,0.22324,0.40303,0.40303,0.84742,0.84367,0.3043,0.2594,0.92377,0.92102,0.78271,0.80727,0.88902,0.88354,0.80788,0.79479,3.1416,2.0016,0.7425,1,0.9882,0.62283,0.05653,0.032676,1.255,0.58469,1.0384,0.048039,0.022,0.035613
2,7,2,2,0.82654,0.82135,1.3895,1.3985,0.46,0.5565,0.917,0.8525,0.33268,0.3943,3.8301,2.8602,-1.8371,-1.8023,0.08398,0.11418,0.34877,0.34877,0.80163,0.80602,0.33631,0.26886,0.94605,0.9316,0.74354,0.79166,0.85165,0.85311,0.72353,0.74185,1.9091,1.516,0.82113,1,0.99985,0.6153,0.07269,0.0028664,1.2457,0.46031,1.0824,0.068483,0.066,0.094998
2,7,2,2,0.86424,0.87475,1.3775,1.3765,0.4765,0.541,0.9085,0.84,0.34393,0.3942,3.8635,2.906,-1.8532,-1.8309,0.077911,0.13887,0.35383,0.35383,0.81609,0.84351,0.32854,0.27347,0.95639,0.94584,0.76124,0.82384,0.87811,0.8754,0.75167,0.7815,2.2567,1.722,0.80907,1,0.99992,0.62499,0.051952,0.0024481,1.2576,0.47982,1.0905,0.049917,0.04,0.058076
2,7,2,3,0.71618,0.87096,2.048,0.468,0.8265,0.232,1.189,0.232,0.41804,0.5,2.5986,5.5544,-1.228,-5.1032,0.19432,1,0.23438,1.0645,0.70794,0.82991,0.28219,0.15297,0.78962,0.8401,0.65086,0.86698,0.80846,0.80039,0.68531,0.80454,1.6868,0.96497,0.034553,4.5,0.52792,0.4979,0.15858,0.99622,1.1826,1.1347,0.93074,-0.88955,-5e-06,-2.1368e-05
2,7,2,3,0.79093,0.82535,2.047,0.442,0.814,0.2215,1.219,0.219,0.3891,0.5,2.5999,5.8811,-1.2185,-4.9221,0.14459,1,0.23872,1.1393,0.74379,0.76932,0.35272,0.17528,0.88448,0.796,0.67345,0.76764,0.82163,0.73389,0.6986,0.75103,2.3605,1.5708,0.052094,5,0.08145,0.072049,-2.7876,0.99297,1.1216,1.0656,0.88811,-0.47033,1e-05,4.5249e-05
2,7,2,3,0.66978,0.8644,1.8845,0.458,0.687,0.231,1.171,0.224,0.36365,0.50505,2.8241,5.6757,-1.3529,-5.3128,0.13743,1,0.26252,1.0921,0.69693,0.8405,0.37974,0.15264,0.80517,0.84425,0.58434,0.8465,0.75194,0.80785,0.6305,0.84283,3.1416,1.5708,0.037876,3.5,0.022112,0.020534,-2.7019,0.97076,1.1712,1.0869,0.92548,-0.50633,1.45e-05,6.3319e-05
2,7,3,1,0.80318,0.83272,1.677,1.5785,0.6485,0.641,1.0325,0.967,0.38963,0.40217,3.1735,3.3716,-1.4704,-1.5867,0.062382,0.14019,0.28935,0.28935,0.7628,0.81713,0.32201,0.29302,0.90012,0.90364,0.75876,0.75577,0.84332,0.89971,0.67783,0.76236,2.6418,3.1272,0.69951,1,0.9982,0.50752,-0.005011,0.0030957,1.2706,0.26222,1.2037,-0.0080602,0.0125,0.014908
2,7,3,1,0.82654,0.87428,1.636,1.6395,0.6025,0.625,1.053,0.977,0.37841,0.399,3.2533,3.2461,-1.5117,-1.5346,0.050166,0.098604,0.29839,0.29839,0.80535,0.83951,0.31113,0.28067,0.94462,0.91728,0.77597,0.77922,0.86717,0.9235,0.71977,0.7771,2.9058,2.8973,0.68643,1,0.99877,0.52711,0.0010659,0.0055286,1.2926,0.26005,1.2176,0.0022305,0.0185,0.022616
2,7,3,1,0.80686,0.84713,1.469,1.459,0.561,0.526,0.916,0.907,0.38316,0.38,3.6228,3.6477,-1.6681,-1.7071,0.051477,0.045904,0.32066,0.32066,0.80907,0.81414,0.31733,0.28344,0.92755,0.90304,0.75831,0.76049,0.85361,0.9335,0.71499,0.76037,2.0102,2.2888,0.71965,1,0.99933,0.56476,0.010058,0.0038149,1.275,0.22669,1.2032,0.0047062,0.02,0.027229
2,7,3,2,0.39477,0.76585,1.943,0.732,0.689,0.331,1.252,0.3935,0.36627,0.45336,2.739,5.4645,-1.3182,-3.4506,0.11565,1,0.24414,0.66873,0.57797,0.78349,0.69794,0.19734,0.6069,0.80806,0.494,0.7444,0.62232,0.8175,0.54871,0.78641,2.1003,1.7148,0.055284,2.7391,0.83421,1.067,0.98215,0.9889,1.1383,0.95789,0.95194,-10.217,-1.5e-05,-4.0984e-05
2,7,3,2,0.49488,0.85263,1.9245,0.728,0.689,0.334,1.3115,0.39,0.34944,0.46254,2.7656,5.4945,-1.3228,-3.4376,0.098707,1,0.22919,0.69754,0.5795,0.84521,0.57465,0.1979,0.6648,0.86376,0.49581,0.82747,0.68559,0.8629,0.57629,0.82102,2.2221,1.2057,0.054933,3,0.80259,1.0257,0.48565,0.89412,1.168,1.052,0.95336,-0.36424,4.5e-06,1.2363e-05
2,7,3,2,0.50646,0.85601,2.009,0.69,0.751,0.323,1.291,0.366,0.37192,0.46667,2.649,5.7971,-1.2713,-3.647,0.13102,1,0.24127,0.68934,0.62125,0.85096,0.5163,0.19197,0.66229,0.85409,0.54622,0.83434,0.71951,0.87606,0.57668,0.84861,1.5708,1.0055,0.049706,3,0.75823,0.98142,2.2729,0.85575,1.1629,1.0169,0.9358,-0.43601,1.8e-05,5.2174e-05
2,7,3,3,0.74423,0.7973,1.864,0.467,0.635,0.232,1.202,0.236,0.34845,0.49893,2.8551,5.5663,-1.3604,-5.3469,0.093532,1,0.27391,1.0837,0.72752,0.79384,0.35317,0.14876,0.85553,0.78254,0.64683,0.80437,0.84693,0.77864,0.66657,0.78349,2.3469,1.0302,0.062622,3.5,0.11106,0.1048,0.92572,0.98569,1.1722,1.1104,0.94513,-1.2278,2.5e-05,0.00010707
2,7,3,3,0.78866,0.85813,1.8245,0.464,0.688,0.231,1.138,0.2325,0.37492,0.4984,2.9169,5.6023,-1.3847,-5.1853,0.080438,1,0.27127,1.0742,0.74575,0.83361,0.34134,0.15474,0.86731,0.86541,0.68362,0.85704,0.90716,0.79601,0.68171,0.80899,2.3475,0.89294,0.03677,3.5,0.1292,0.12185,2.3672,0.99742,1.1891,1.1388,0.9331,-1.7121,-1.85e-05,-7.9741e-05
2,7,3,3,0.68421,0.83522,1.644,0.457,0.5355,0.23,1.104,0.227,0.32747,0.50053,3.2372,5.6881,-1.5545,-5.3532,0.06136,1,0.2917,1.1034,0.67591,0.8006,0.41295,0.12887,0.81053,0.81814,0.60094,0.8141,0.81855,0.79223,0.63285,0.81014,3.1416,0.88355,0.044047,3.7826,0.54363,0.49947,-0.59675,0.9876,1.1739,1.0826,0.93747,-11.189,-2.2e-05,-9.628e-05
2,10,1,1,0.80498,0.78797,2.0845,2.125,0.7485,0.682,1.3365,1.445,0.37179,0.32722,2.5531,2.5046,-1.2168,-1.2232,0.086547,0.090806,0.24634,0.24634,0.75882,0.74839,0.34376,0.39637,0.89646,0.88046,0.69686,0.65474,0.86916,0.88237,0.70642,0.64326,3.1416,3.1416,0.71724,1,0.9995,0.4718,-0.015144,0.0058497,1.2386,0.39513,1.0741,-0.008135,-0.0565,-0.05421
2,10,1,1,0.71252,0.75303,2.4545,2.5105,0.9345,0.8,1.6005,1.702,0.35801,0.32108,2.1682,2.1199,-1.0513,-1.0348,0.13818,0.12399,0.19531,0.19531,0.73882,0.7438,0.39971,0.3984,0.90442,0.93515,0.62403,0.66414,0.79275,0.82361,0.67064,0.6247,3.1416,3.1416,0.72068,1,0.99986,0.37803,0.023654,0.0063622,1.2318,0.38989,1.1033,0.017055,-0.054,-0.044001
2,10,1,1,0.78798,0.7508,2.3755,2.39,0.8135,0.77,1.546,1.6185,0.34718,0.33426,2.2403,2.2268,-1.0634,-1.0572,0.083934,0.13571,0.21612,0.21612,0.68531,0.68948,0.3823,0.39525,0.89734,0.89311,0.67675,0.64973,0.81763,0.82325,0.61476,0.60639,3.1416,3.1416,0.71769,1,0.99973,0.41371,0.0046449,0.0051415,1.1964,0.39646,1.0383,0.0025643,-0.055,-0.046306
2,10,1,2,0.80475,0.80666,1.51,1.489,0.613,0.551,0.898,0.937,0.40692,0.36438,3.5245,2.6864,-1.7083,-1.6891,0.10592,0.073409,0.33524,0.33524,0.84144,0.79602,0.26334,0.27511,0.94679,0.89458,0.81513,0.76041,0.83052,0.86332,0.77046,0.72239,1.9145,1.5708,0.73971,1,0.98808,0.67888,0.014085,0.0035508,1.2509,0.51,1.0965,0.010276,-0.006,-0.007947
2,10,1,2,0.76562,0.86864,2.102,2.1205,0.7455,0.7185,1.344,1.387,0.3592,0.34571,2.5318,1.8864,-1.2288,-1.1894,0.095721,0.09215,0.23609,0.23609,0.74638,0.81994,0.40314,0.31232,0.8775,0.869,0.71155,0.76088,0.84404,0.93107,0.67402,0.70809,1.5708,3.1416,0.74406,1,0.99709,0.47792,0.014139,0.0082904,1.2337,0.48447,1.0361,0.014117,-0.027,-0.02569
2,10,1,2,0.65071,0.6323,2.2685,2.212,0.756,0.721,1.4695,1.494,0.33902,0.32127,2.3461,1.8083,-1.1285,-1.1614,0.10157,0.093664,0.21115,0.21115,0.72003,0.69904,0.42187,0.41853,0.87637,0.78033,0.62408,0.59877,0.77856,0.76769,0.59018,0.61312,2.3081,3.1416,0.73052,1,0.99989,0.40707,-0.021776,0.0048189,1.1707,0.36206,1.0465,-0.0076724,-0.0075,-0.0066123
2,10,1,3,0.65002,0.64219,1.719,1.743,0.681,0.628,0.99,1.151,0.40397,0.36441,3.0959,1.4914,-1.4472,-1.3935,0.098876,0.0696,0.29839,0.29839,0.68733,0.65747,0.30281,0.30491,0.86413,0.8468,0.74476,0.69155,0.72173,0.65705,0.60467,0.61913,1.5708,3.1416,0.72821,1,0.99018,0.61263,0.02205,0.0044361,1.1294,0.38696,1.022,0.014286,-0.026,-0.03025
2,10,1,3,0.65505,0.74262,2.0625,2.1405,0.77,0.758,1.2595,1.3775,0.3851,0.37479,2.5805,1.2144,-1.2346,-1.1416,0.13412,0.086943,0.24414,0.24414,0.68634,0.71912,0.38365,0.28132,0.84573,0.84942,0.60085,0.65171,0.75018,0.77566,0.61637,0.6586,3.1416,1.9271,0.75014,1,0.99539,0.49985,0.035771,0.0067916,1.1579,0.39075,1.0346,0.026794,0.0165,0.016
2,10,1,3,0.81533,0.84132,1.9265,1.921,0.7145,0.69,1.183,1.236,0.38678,0.36214,2.7626,1.3532,-1.3393,-1.2933,0.095514,0.091429,0.27574,0.27574,0.78654,0.79434,0.32332,0.26653,0.91415,0.879,0.74743,0.6864,0.86645,0.86158,0.69403,0.75766,3.1416,2.3579,0.73076,1,0.98312,0.59641,-0.0012036,0.014985,1.2028,0.56899,1.0089,0.019004,-0.0455,-0.047236
2,10,2,1,0.73995,0.73548,1.7665,1.7145,0.5705,0.556,1.1705,1.173,0.35122,0.33,3.0127,3.1041,-1.404,-1.4331,0.041652,0.060054,0.29871,0.29871,0.74026,0.67903,0.36401,0.37591,0.93894,0.93972,0.70622,0.65397,0.8031,0.79132,0.60403,0.60505,3.1416,2.4376,0.70984,1,0.99808,0.57722,-0.0062076,0.0021443,1.2729,0.16514,1.2228,-0.0057633,-0.031,-0.035098
2,10,2,1,0.79542,0.71087,2.031,2.068,0.6845,0.689,1.3225,1.319,0.35328,0.3441,2.6203,2.5735,-1.2339,-1.1851,0.063984,0.060353,0.25276,0.25276,0.73918,0.68412,0.35631,0.38739,0.9688,0.93441,0.74075,0.67901,0.80179,0.77388,0.62374,0.57143,2.8057,3.1416,0.73157,1,0.9981,0.50123,-0.0017677,0.0037084,1.2684,0.17942,1.2056,-0.0010661,-0.0335,-0.032989
2,10,2,1,0.72369,0.66391,2.04,2.029,0.752,0.6625,1.29,1.3725,0.37983,0.31308,2.6089,2.6229,-1.211,-1.2289,0.049289,0.046919,0.23205,0.23205,0.71041,0.68645,0.31826,0.42589,0.92742,0.9006,0.66031,0.61978,0.79616,0.71311,0.63838,0.5837,2.1313,1.808,0.7365,1,0.99826,0.46276,-0.02828,0.0035418,1.2702,0.1655,1.225,-0.018511,0.012,0.011765
2,10,2,2,0.74577,0.67991,1.8245,1.6565,0.5875,0.5835,1.19,1.124,0.33668,0.3415,2.9169,2.415,-1.3736,-1.4627,0.063096,0.045411,0.26334,0.26334,0.71016,0.6629,0.35046,0.33606,0.87766,0.86014,0.71546,0.65982,0.79858,0.67136,0.58581,0.55332,2.6127,1.5708,0.7377,1,0.99881,0.51187,0.032914,0.0058593,1.2227,0.1944,1.1642,0.017771,0.008,0.0087695
2,10,2,2,0.76848,0.69856,1.7585,1.7665,0.6365,0.5715,1.087,1.1755,0.37841,0.34226,3.0265,2.2644,-1.4155,-1.3813,0.070834,0.046607,0.26334,0.26334,0.71495,0.66302,0.33219,0.33591,0.89031,0.88267,0.70121,0.68391,0.80049,0.765,0.64853,0.56762,3.1416,1.8566,0.70636,1,0.99454,0.5384,0.0082243,0.0037611,1.2289,0.22354,1.1674,0.0036668,-0.005,-0.0056867
2,10,2,2,0.73715,0.77699,1.731,1.739,0.618,0.568,1.105,1.1765,0.3529,0.33164,3.0745,2.3002,-1.4641,-1.411,0.059802,0.042011,0.27344,0.27344,0.70294,0.69754,0.39554,0.36072,0.89085,0.92312,0.70392,0.72544,0.74595,0.74537,0.5965,0.55612,2.1376,2.3136,0.71621,1,0.99617,0.54767,0.0047395,0.0038915,1.2449,0.21432,1.1794,0.0032313,-0.0255,-0.029463
2,10,2,3,0.80713,0.70897,1.8275,1.7935,0.5985,0.5605,1.255,1.207,0.34589,0.32788,2.9121,1.4495,-1.3408,-1.321,0.061699,0.04461,0.27127,0.27127,0.70041,0.66246,0.39675,0.3151,0.88581,0.83986,0.68417,0.7133,0.84564,0.7402,0.60057,0.55943,3.1416,1.5708,0.752,1,0.99556,0.54729,0.048286,0.0052015,1.1638,0.23625,1.0821,0.033704,0.0195,0.021341
2,10,2,3,0.87324,0.80752,1.551,1.513,0.553,0.449,0.98,1.063,0.36208,0.33318,3.4313,1.7181,-1.646,-1.6563,0.058117,0.037366,0.32043,0.32043,0.79775,0.77161,0.36296,0.34695,0.95303,0.95633,0.75082,0.77023,0.92605,0.86207,0.68194,0.63363,3.0113,1.5708,0.7153,1,0.99647,0.62107,0.0092031,0.0034422,1.2814,0.29388,1.181,0.0099204,0,0
2,10,2,3,0.79687,0.71989,1.6485,1.622,0.582,0.518,1.017,1.0925,0.35934,0.30935,3.2283,1.6026,-1.5479,-1.5187,0.060447,0.03436,0.30518,0.30518,0.77825,0.71915,0.33597,0.30139,0.9289,0.90141,0.74226,0.64528,0.86505,0.75074,0.66558,0.60976,1.6633,1.6636,0.72273,1,0.98355,0.64584,0.0021358,0.0024675,1.247,0.26005,1.1791,0.00055091,-0.0385,-0.046709
2,10,3,1,0.70064,0.76787,1.348,1.387,0.411,0.377,0.915,1.007,0.32057,0.27406,3.948,3.837,-1.8073,-1.7807,0.043302,0.035626,0.36821,0.36821,0.65896,0.63404,0.37097,0.45524,0.83232,0.9631,0.62589,0.61419,0.83636,0.80501,0.58909,0.56464,3.0803,2.6304,0.71459,1,0.99769,0.68214,-0.014891,0.0055509,1.2699,0.13569,1.228,-0.011452,0,0
2,10,3,1,0.79628,0.74931,1.5665,1.5475,0.5195,0.43,1.0305,1.1135,0.3356,0.2792,3.3978,3.4392,-1.5153,-1.5662,0.043401,0.034364,0.30839,0.30839,0.67067,0.61517,0.35537,0.49937,0.91055,0.94867,0.64388,0.55102,0.9111,0.77535,0.60523,0.56831,3.1416,2.7775,0.73153,1,0.99533,0.60835,-0.029443,0.0050605,1.2475,0.12427,1.2047,-0.019472,0.0215,0.02745
2,10,3,1,0.83902,0.79314,1.5175,1.5315,0.448,0.4125,1.0385,1.1205,0.29397,0.26422,3.5071,3.475,-1.5818,-1.5923,0.036498,0.028198,0.32552,0.32552,0.69601,0.63513,0.3935,0.49143,0.93178,0.99638,0.6777,0.60993,0.94103,0.85021,0.60025,0.56432,2.6894,2.931,0.77263,1,0.99547,0.63467,-0.057013,0.0051898,1.2736,0.13392,1.2272,-0.030513,0.0435,0.057331
2,10,3,2,0.81076,0.7949,1.414,1.367,0.4275,0.35,0.9615,1.024,0.30832,0.26085,3.7641,2.9261,-1.7108,-1.7789,0.035949,0.025356,0.35903,0.35903,0.72287,0.63879,0.3795,0.41269,0.91905,0.9841,0.69526,0.623,0.93024,0.83998,0.6273,0.57555,3.1416,3.1416,0.73806,1,0.99787,0.66826,-0.023004,0.0036821,1.2627,0.13476,1.2132,-0.015731,0.003,0.0042433
2,10,3,2,0.84554,0.78241,1.33,1.3585,0.427,0.353,0.936,1.0175,0.31129,0.2499,4.0016,2.9445,-1.8415,-1.7668,0.040348,0.028567,0.35903,0.35903,0.7207,0.68433,0.36795,0.44051,0.95065,0.95893,0.66948,0.62016,0.95001,0.84024,0.65656,0.59869,3.0152,1.5708,0.72501,1,0.98869,0.7108,-0.020227,0.0035053,1.2653,0.14617,1.217,-0.007927,-0.019,-0.028571
2,10,3,2,0.83638,0.81941,1.467,1.427,0.415,0.419,1.039,1.0245,0.28402,0.29085,3.6278,2.8031,-1.6911,-1.6983,0.036812,0.03241,0.3418,0.3418,0.65072,0.64426,0.44515,0.36977,0.95356,0.92841,0.64068,0.60278,0.95683,0.92093,0.59119,0.6044,2.2313,2.6767,0.66513,1,0.99721,0.64841,-3.1254,0.0055502,1.2701,1.7512,1.218,-2.8253,0.011,0.014997
2,10,3,3,0.90517,0.77468,1.404,1.374,0.403,0.347,0.976,1.022,0.30492,0.25293,3.7905,1.8919,-1.7553,-1.7272,0.033062,0.031505,0.36821,0.36821,0.75202,0.65556,0.3729,0.38587,1.0073,0.97596,0.72032,0.59011,0.95564,0.80494,0.65029,0.59002,2.5003,1.5708,0.73141,1,0.97947,0.75016,-0.0084423,0.0024827,1.2319,0.18026,1.1791,-0.0020798,-0.004,-0.005698
2,10,3,3,0.81429,0.75693,1.2145,1.252,0.3195,0.353,0.909,0.912,0.24985,0.27839,4.3821,2.0762,-2.0865,-1.9387,0.024006,0.029463,0.40023,0.40023,0.70376,0.67787,0.43894,0.41517,0.93447,0.8611,0.6552,0.56231,0.94985,0.88425,0.57122,0.61446,1.9727,1.3544,0.5544,1,0.99335,0.74758,-3.1205,0.0057475,1.2361,1.6845,1.1607,-2.8736,0.008,0.013174
2,10,3,3,0.80442,0.78508,1.2915,1.282,0.311,0.329,0.95,0.959,0.23641,0.24701,4.1207,2.0277,-1.9604,-1.8424,0.031026,0.024189,0.38752,0.38752,0.6979,0.65973,0.41484,0.35616,0.92425,0.83853,0.64515,0.56673,0.9355,0.89871,0.59462,0.58827,1.9693,1.5708,0.58632,1,0.97921,0.77608,-3.1032,0.0080996,1.2032,1.6394,1.1275,-2.8776,0.007,0.01084
