grp,pp,S,ID,peakVel,MT,accTime,decTime,accQ,IPerf,IPerfEf,Harmonicity,f,vfTrajCircularity,vfCircularity,q1,q2,q3,q4,maxangle
1,2,1,1,0.63605,1.326,0.462,0.8635,0.35282,4.0135,-1.8246,0.13983,0.39062,0.53998,0.49837,0.7736,0.53779,0.78883,0.48444,3.1416
1,2,1,1,0.63113,1.365,0.4535,0.921,0.33009,3.899,-1.7853,0.087409,0.36439,0.59055,0.41348,0.71082,0.53208,0.75794,0.569,3.1098
1,2,1,1,0.69618,1.246,0.409,0.849,0.32899,4.2712,-2.0057,0.086737,0.39438,0.59621,0.41209,0.84371,0.52366,0.78925,0.57575,2.2124
1,2,1,2,0.85502,0.443,0.199,0.2405,0.44773,5.8683,-5.5071,1,1.0696,0.87173,0.14683,0.87647,0.78631,0.88963,0.8622,1.0938
1,2,1,2,0.84891,0.3545,0.179,0.1785,0.49719,7.3328,-6.9387,1,1.4361,0.84446,0.11889,0.84586,0.86357,0.82117,0.83638,0.96617
1,2,1,2,0.88395,0.3325,0.1705,0.1665,0.50781,7.8181,-7.1546,1,1.5259,0.86292,0.14133,0.88033,0.90233,0.81771,0.83771,0.92054
1,2,2,1,0.79001,0.7905,0.223,0.583,0.27991,6.7324,-3.2203,0.050915,0.64248,0.57126,0.4566,0.93369,0.57471,0.87019,0.5581,3.1416
1,2,2,1,0.76104,0.7145,0.183,0.5235,0.2659,7.4485,-3.5527,0.056589,0.71023,0.61853,0.33649,0.92536,0.58735,0.81439,0.60168,1.5316
1,2,2,1,0.53548,0.6935,0.1915,0.506,0.28264,7.674,-3.68,0.060543,0.71806,0.58242,0.5539,0.70852,0.54725,0.64058,0.55983,1.6834
1,2,2,2,0.78971,0.173,0.092,0.085,0.51481,15.026,-13.699,1,2.9297,0.80213,0.23868,0.86873,0.78435,0.86796,0.7566,1.5176
1,2,2,2,0.869,0.2055,0.1055,0.098,0.51405,12.65,-11.631,1,2.4414,0.80811,0.0843,0.86873,0.88952,0.79311,0.80895,0.383
1,2,2,2,0.79913,0.174,0.0895,0.085,0.5141,14.939,-14.067,1,2.8076,0.80213,0.23868,0.86873,0.78435,0.86796,0.7566,1.5176
1,2,3,1,0.67684,0.8295,0.224,0.592,0.261,6.4158,-3.0788,0.051094,0.56152,0.58708,0.4205,0.93738,0.55515,0.80644,0.57266,1.5708
1,2,3,1,0.79328,0.749,0.228,0.5235,0.30033,7.1054,-3.3017,0.037758,0.65104,0.66106,0.30552,0.91604,0.58734,0.88969,0.64689,2.1706
1,2,3,1,0.82754,0.71,0.197,0.505,0.28046,7.4957,-3.4789,0.03294,0.71023,0.64776,0.36142,0.92907,0.61419,0.91506,0.65211,3.1416
1,2,3,2,0.80305,0.1895,0.1005,0.101,0.5194,13.718,-12.971,1,2.6367,0.77994,0.090269,0.79869,0.78435,0.86796,0.71914,0
1,2,3,2,0.82328,0.159,0.083,0.0775,0.51726,16.349,-14.687,1,3.2959,0.81378,0.1678,0.81378,0.78435,0.86796,0.7566,0
1,2,3,2,0.83251,0.1805,0.0955,0.0915,0.5292,14.402,-13.609,1,2.6042,0.77536,0.035225,0.86873,0.78435,0.77536,0.7566,0.10472
1,3,1,1,0.84674,1.287,0.4675,0.816,0.37589,4.1352,-1.9238,0.065868,0.3756,0.77366,0.32923,0.91881,0.72966,0.89178,0.68214,3.1416
1,3,1,1,0.88008,1.07,0.434,0.6145,0.41287,4.9738,-2.3313,0.059188,0.47871,0.83521,0.27789,0.88267,0.80797,0.91486,0.76142,3.1416
1,3,1,1,0.82693,1.308,0.478,0.822,0.36761,4.0697,-1.9171,0.086222,0.38297,0.77265,0.30575,0.92256,0.74293,0.90478,0.67403,2.1084
1,3,1,2,0.82847,0.5715,0.221,0.3475,0.38946,4.5487,-4.2763,1,0.86806,0.79914,0.20766,0.84419,0.7994,0.87506,0.7367,1.1856
1,3,1,2,0.85282,0.389,0.177,0.214,0.45455,6.6824,-6.091,1,1.3021,0.82032,0.15286,0.7627,0.85168,0.84663,0.75226,0.82412
1,3,1,2,0.90603,0.3605,0.1645,0.1945,0.47034,7.2107,-6.6326,1,1.3787,0.87612,0.16245,0.88436,0.93279,0.88475,0.77332,0.92605
1,3,2,1,0.75112,0.992,0.417,0.571,0.43275,5.3648,-2.4618,0.1233,0.49867,0.73239,0.26132,0.79339,0.68507,0.82675,0.72799,3.1416
1,3,2,1,0.8422,1.0015,0.3765,0.61,0.38157,5.314,-2.5438,0.1084,0.48828,0.81875,0.25611,0.86489,0.72923,0.93045,0.78965,1.378
1,3,2,1,0.8627,0.972,0.358,0.6115,0.38155,5.4752,-2.5756,0.063137,0.52235,0.84621,0.24458,0.88099,0.77095,0.94355,0.78175,1.5708
1,3,2,2,0.89696,0.3475,0.171,0.1785,0.4795,7.4805,-6.7416,1,1.4936,0.86084,0.17006,0.85627,0.86588,0.90638,0.84089,1.0011
1,3,2,2,0.90615,0.3295,0.1585,0.1655,0.49209,7.8893,-7.2898,1,1.5625,0.88099,0.13491,0.8379,0.94569,0.91595,0.81525,0.70653
1,3,2,2,0.91927,0.333,0.165,0.168,0.49102,7.8062,-7.0535,1,1.4974,0.90199,0.17782,0.87096,0.97165,0.93801,0.79968,0.74067
1,3,3,1,0.85677,1.0055,0.442,0.563,0.43812,5.2929,-2.4546,0.14475,0.49825,0.83332,0.21027,0.86088,0.7856,0.90419,0.78713,3.1172
1,3,3,1,0.78016,1.0915,0.4755,0.582,0.44952,4.8758,-2.2585,0.15582,0.47871,0.78999,0.22082,0.79841,0.75879,0.8531,0.74809,3.1416
1,3,3,1,0.87638,1.097,0.5045,0.607,0.4483,4.8514,-2.1952,0.1514,0.45211,0.83686,0.21589,0.86915,0.82447,0.90125,0.75708,3.1416
1,3,3,2,0.88612,0.294,0.1485,0.153,0.49465,8.8417,-8.3181,1,1.7439,0.85579,0.1506,0.84913,0.88944,0.89532,0.85585,0.98839
1,3,3,2,0.80104,0.265,0.138,0.1305,0.52298,9.8094,-9.2406,1,1.8029,0.81107,0.12782,0.8268,0.83253,0.81415,0.7756,0.79779
1,3,3,2,0.88415,0.263,0.133,0.133,0.50169,9.8839,-9.1872,1,1.9531,0.87375,0.10737,0.86776,0.89746,0.89278,0.86833,0.50266
1,6,1,1,0.85945,1.277,0.4855,0.8145,0.36774,4.1675,-1.9993,0.10341,0.36058,0.82786,0.27577,0.92137,0.77122,0.92614,0.76605,2.3518
1,6,1,1,0.73681,1.332,0.502,0.853,0.37435,3.9954,-1.9016,0.1075,0.36058,0.75778,0.33632,0.85298,0.69907,0.84446,0.70321,1.8001
1,6,1,1,0.74581,1.293,0.4845,0.7745,0.38114,4.116,-1.9901,0.11518,0.36227,0.78023,0.28489,0.83771,0.70465,0.83828,0.7392,3.1416
1,6,1,2,0.7243,0.9145,0.3835,0.54,0.41408,2.8425,-2.6,0.21307,0.561,0.74544,0.23336,0.8599,0.69488,0.71975,0.77424,1.9009
1,6,1,2,0.76356,0.745,0.2995,0.442,0.41363,3.4895,-3.3073,0.28219,0.67817,0.78131,0.18048,0.85012,0.77172,0.77488,0.7427,1.2028
1,6,1,2,0.89965,0.679,0.29,0.389,0.4242,3.8284,-3.6613,1,0.73242,0.87008,0.16958,0.93927,0.86584,0.86754,0.82748,1.1587
1,6,2,1,0.83987,1.258,0.461,0.7975,0.36356,4.2305,-2.0186,0.091794,0.40303,0.78691,0.3028,0.90805,0.72668,0.91888,0.74446,3.1416
1,6,2,1,0.83857,1.175,0.4555,0.707,0.38319,4.5293,-2.1932,0.095963,0.42969,0.81274,0.30489,0.92856,0.77585,0.91982,0.75528,2.8452
1,6,2,1,0.85811,1.123,0.4285,0.703,0.38327,4.739,-2.2907,0.088539,0.43846,0.81625,0.28326,0.91424,0.77369,0.9127,0.75993,2.4297
1,6,2,2,0.84467,0.604,0.291,0.315,0.4791,4.3038,-4.1792,1,0.80819,0.8452,0.16067,0.85046,0.84573,0.84753,0.83298,1.3168
1,6,2,2,0.81803,0.573,0.272,0.305,0.47643,4.5366,-4.3717,1,0.86806,0.82506,0.1704,0.83218,0.82516,0.85052,0.78592,1.1135
1,6,2,2,0.84683,0.566,0.267,0.306,0.46542,4.5927,-4.2975,1,0.86806,0.84719,0.17681,0.84403,0.87927,0.85331,0.76355,1.1396
1,6,3,1,0.878,1.0935,0.424,0.6805,0.37994,4.8669,-2.3565,0.066933,0.46064,0.84615,0.31591,0.93537,0.75693,0.92736,0.8124,2.0387
1,6,3,1,0.86367,1.078,0.4175,0.667,0.38266,4.9369,-2.3941,0.059837,0.4695,0.83956,0.31123,0.92055,0.76506,0.90933,0.79678,3.1416
1,6,3,1,0.87579,1.076,0.431,0.634,0.40404,4.946,-2.3888,0.070842,0.45711,0.84316,0.29003,0.92408,0.81008,0.89927,0.77861,1.5708
1,6,3,2,0.87009,0.594,0.282,0.315,0.47276,4.3762,-4.2004,1,0.83705,0.86328,0.16788,0.87969,0.86725,0.86957,0.83829,1.2867
1,6,3,2,0.87858,0.572,0.262,0.304,0.46043,4.5445,-4.4161,1,0.86806,0.87598,0.21277,0.88922,0.85026,0.87964,0.8766,1.2801
1,6,3,2,0.89814,0.5545,0.2695,0.2815,0.48315,4.688,-4.4201,1,0.90422,0.87359,0.16254,0.85289,0.84489,0.88882,0.88792,1.3278
1,8,1,1,0.77239,1.101,0.339,0.774,0.31225,4.8337,-2.2537,0.057031,0.44178,0.71064,0.31723,0.9158,0.65879,0.82664,0.6641,3.1416
1,8,1,1,0.80811,1.108,0.3525,0.725,0.33608,4.8032,-2.2362,0.047945,0.46609,0.75405,0.33124,0.93685,0.74835,0.87229,0.64277,3.1416
1,8,1,1,0.7921,1.146,0.386,0.752,0.35568,4.6439,-2.1735,0.045525,0.44389,0.74785,0.26428,0.91522,0.71893,0.84338,0.64691,2.8098
1,8,1,2,0.89012,0.348,0.178,0.172,0.50578,7.4697,-7.0859,1,1.4361,0.89249,0.11015,0.90546,0.83164,0.78942,0.91841,1.0215
1,8,1,2,0.9298,0.2485,0.143,0.117,0.54795,10.461,-9.5408,1,2.0345,0.87408,0.1735,0.76751,0.87058,0.94677,0.89528,0.75912
1,8,1,2,0.85595,0.241,0.135,0.107,0.5506,10.786,-9.8094,1,2.0419,0.8535,0.12403,0.76763,0.86328,0.88682,0.87352,0.74541
1,8,2,1,0.73675,1.139,0.374,0.7625,0.33553,4.6725,-2.2279,0.081646,0.41853,0.74855,0.30644,0.83475,0.66113,0.86617,0.68479,3.1416
1,8,2,1,0.85611,1.1245,0.368,0.7735,0.33045,4.7328,-2.2393,0.048978,0.42614,0.78554,0.35448,0.89822,0.70943,0.95694,0.75354,1.5651
1,8,2,1,0.79026,1.202,0.386,0.805,0.33028,4.4276,-2.1302,0.069394,0.41016,0.78655,0.306,0.84912,0.72131,0.89892,0.68166,2.1831
1,8,2,2,0.89888,0.193,0.1055,0.093,0.52931,13.469,-12.44,1,2.6042,0.89093,0.20514,0.81814,0.78435,0.91172,0.84778,0.12429
1,8,2,2,0.89007,0.1845,0.0995,0.085,0.53837,14.089,-13.236,1,2.6855,0.88797,0.14729,0.86873,0.78435,0.89685,0.88259,0.19959
1,8,2,2,0.88676,0.19,0.101,0.089,0.54242,13.681,-12.533,1,2.6042,0.85633,0.10454,0.79308,0.88083,0.86796,0.90487,0.405
1,8,3,1,0.77193,1.022,0.342,0.684,0.33438,5.2074,-2.4734,0.065349,0.47832,0.72522,0.33953,0.82675,0.6887,0.88696,0.69772,1.5708
1,8,3,1,0.88967,0.9735,0.3385,0.643,0.34996,5.4668,-2.5936,0.084702,0.50863,0.8504,0.29123,0.92702,0.79179,0.9469,0.76824,1.5468
1,8,3,1,0.83269,1.02,0.362,0.643,0.35621,5.2176,-2.4397,0.058041,0.48828,0.79906,0.28065,0.87109,0.73756,0.88834,0.73764,1.6516
1,8,3,2,0.92817,0.191,0.102,0.09,0.5102,13.61,-11.86,1,2.6042,0.90602,0.11344,0.78827,0.92494,0.91319,0.90268,0.083422
1,8,3,2,0.91897,0.167,0.088,0.0755,0.54051,15.566,-14.053,1,3.0518,0.90769,0.14391,0.90293,0.91205,0.86796,0.7566,0.18423
1,8,3,2,0.91774,0.1645,0.082,0.0745,0.52315,15.802,-14.443,1,3.0692,0.90364,0.04968,0.90926,0.90229,0.86796,0.9145,0.18388
1,9,1,1,0.83404,1.0055,0.383,0.6005,0.38192,5.293,-2.5427,0.093055,0.49867,0.81702,0.25774,0.90095,0.73408,0.88461,0.7912,1.6629
1,9,1,1,0.71919,1.155,0.43,0.738,0.37973,4.6077,-2.1635,0.096071,0.42614,0.7417,0.26015,0.81451,0.67727,0.80474,0.68659,1.4128
1,9,1,1,0.86789,1.14,0.395,0.718,0.34671,4.6684,-2.2511,0.14828,0.44041,0.84096,0.29424,0.93285,0.78206,0.92724,0.76834,1.3541
1,9,1,2,0.86552,0.6295,0.28,0.359,0.43663,4.1294,-3.7954,0.29542,0.8138,0.82301,0.19712,0.83815,0.82866,0.85439,0.76773,1.3358
1,9,1,2,0.83944,0.501,0.235,0.265,0.4713,5.1886,-4.4979,1,0.97656,0.78088,0.17588,0.81243,0.75901,0.78213,0.76979,1.2341
1,9,1,2,0.88463,0.397,0.205,0.196,0.50235,6.5478,-5.9472,1,1.2478,0.87511,0.15277,0.87522,0.87406,0.81602,0.86562,0.94487
1,9,2,1,0.74401,1.0095,0.33,0.66,0.33442,5.2718,-2.5317,0.038923,0.49964,0.72019,0.33297,0.85448,0.65667,0.85988,0.70718,1.8037
1,9,2,1,0.83194,1.093,0.352,0.701,0.33628,4.8691,-2.3494,0.086741,0.45422,0.80301,0.29788,0.9135,0.68288,0.93422,0.73548,1.5083
1,9,2,1,0.8647,1.013,0.328,0.691,0.31925,5.2536,-2.5467,0.066287,0.47789,0.811,0.3207,0.95077,0.7342,0.95055,0.76626,1.5083
1,9,2,2,0.84451,0.2875,0.1535,0.135,0.53457,9.0416,-8.216,1,1.7278,0.8261,0.15363,0.81288,0.93675,0.84822,0.78042,0.81253
1,9,2,2,0.81826,0.265,0.14,0.127,0.52788,9.8093,-8.7072,1,1.8717,0.80475,0.16988,0.79016,0.94726,0.80982,0.74244,0.80503
1,9,2,2,0.88772,0.262,0.1405,0.124,0.53385,9.9216,-9.2243,1,1.8717,0.85901,0.1381,0.83554,0.94867,0.86739,0.8265,0.65557
1,9,3,1,0.81426,0.975,0.343,0.626,0.35962,5.4584,-2.6173,0.15021,0.5008,0.77747,0.26165,0.88752,0.74575,0.85356,0.72196,1.5708
1,9,3,1,0.82157,0.9805,0.353,0.6265,0.36215,5.4278,-2.5606,0.11686,0.48828,0.79291,0.29101,0.8847,0.68765,0.8846,0.77029,1.5708
1,9,3,1,0.87312,0.867,0.309,0.552,0.35824,6.1383,-2.9626,0.15456,0.58129,0.83757,0.2872,0.92257,0.75159,0.91579,0.79533,1.5167
1,9,3,2,0.79519,0.245,0.126,0.119,0.50661,10.61,-9.6753,1,2.0419,0.80543,0.14646,0.73985,0.83693,0.81841,0.75517,0.53314
1,9,3,2,0.89118,0.2415,0.124,0.117,0.5125,10.764,-9.6454,1,2.1307,0.87057,0.17666,0.84362,0.90585,0.88506,0.84144,0.6641
1,9,3,2,0.8907,0.225,0.114,0.111,0.51308,11.553,-10.733,1,2.2461,0.87403,0.11787,0.87118,0.91239,0.86522,0.83032,0.52935
2,1,1,1,0.86348,1.1715,0.363,0.8115,0.30587,4.5428,-2.1396,0.066179,0.41118,0.76378,0.33926,0.9226,0.72505,0.92118,0.70793,2.0306
2,1,1,1,0.8446,1.073,0.323,0.738,0.30462,4.9599,-2.3683,0.088399,0.46503,0.77357,0.32113,0.92445,0.74328,0.91226,0.7137,1.3738
2,1,1,1,0.8407,1.1335,0.342,0.783,0.311,4.6952,-2.2113,0.085991,0.4534,0.79031,0.33913,0.92438,0.72802,0.90923,0.69076,2.7298
2,1,1,2,0.75434,0.362,0.156,0.2045,0.43484,7.1808,-6.6162,1,1.4361,0.7567,0.17597,0.81475,0.73382,0.7639,0.75559,1.0063
2,1,1,2,0.77783,0.349,0.149,0.193,0.43195,7.4483,-6.8661,1,1.4038,0.78152,0.14187,0.79155,0.75112,0.83027,0.76623,0.97758
2,1,1,2,0.85666,0.3295,0.1505,0.185,0.44646,7.8893,-7.3122,1,1.4648,0.84655,0.17737,0.85967,0.79858,0.87293,0.85137,0.8235
2,1,2,1,0.8991,1.2015,0.3565,0.8555,0.29985,4.4294,-2.1522,0.049946,0.4138,0.84042,0.35513,0.95728,0.77844,0.96051,0.74213,1.5708
2,1,2,1,0.81357,1.161,0.3455,0.832,0.298,4.5839,-2.2169,0.079993,0.42832,0.79945,0.33973,0.93192,0.71208,0.9248,0.68827,1.5108
2,1,2,1,0.85536,1.185,0.36,0.8215,0.31332,4.4911,-2.1269,0.071096,0.43194,0.77927,0.29918,0.92356,0.76772,0.91116,0.70802,1.5708
2,1,2,2,0.9013,0.189,0.1,0.096,0.49731,13.754,-12.946,1,2.7127,0.87501,0.016461,0.86215,0.89261,0.86796,0.7566,0
2,1,2,2,0.8905,0.173,0.096,0.082,0.53611,15.026,-13.799,1,2.9297,0.90259,0.046808,0.86873,0.78435,0.90259,0.7566,0
2,1,2,2,0.88877,0.226,0.116,0.108,0.53247,11.502,-10.319,1,2.3438,0.87505,0.073991,0.86098,0.89676,0.91378,0.8047,0.3563
2,1,3,1,0.77746,1.236,0.3735,0.8455,0.30629,4.3058,-2.1131,0.08789,0.4138,0.79542,0.38414,0.91025,0.74945,0.9117,0.69157,2.3252
2,1,3,1,0.75271,1.13,0.3695,0.7605,0.32379,4.7098,-2.2615,0.086249,0.45211,0.75341,0.31438,0.8262,0.68753,0.8918,0.68506,1.509
2,1,3,1,0.90305,1.0755,0.379,0.7155,0.35549,4.9483,-2.392,0.10424,0.45711,0.87476,0.31662,0.93024,0.81097,0.97743,0.82121,1.5708
2,1,3,2,0.91705,0.302,0.148,0.16,0.47692,8.6075,-7.7765,1,1.6741,0.89661,0.18386,0.88341,0.92329,0.91778,0.86645,0.91904
2,1,3,2,0.85951,0.234,0.1175,0.1155,0.49663,11.109,-10.29,1,2.1307,0.84847,0.083614,0.87243,0.88209,0.8579,0.83868,0.63396
2,1,3,2,0.88768,0.2385,0.116,0.1255,0.49445,10.899,-10.183,1,2.1307,0.88035,0.095862,0.91873,0.91695,0.86644,0.84652,0.50776
2,4,1,1,0.81616,1.1035,0.298,0.8005,0.27572,4.8228,-2.3114,0.05786,0.44222,0.75284,0.38815,0.90305,0.66546,0.91832,0.63294,3.1416
2,4,1,1,0.80705,1.032,0.292,0.7495,0.28153,5.1569,-2.499,0.085184,0.46875,0.75813,0.37478,0.93325,0.71366,0.88693,0.65825,1.5708
2,4,1,1,0.87264,1.185,0.299,0.87,0.25917,4.4911,-2.1606,0.07999,0.42126,0.77101,0.41684,0.96118,0.74652,0.9295,0.66415,1.4832
2,4,1,2,0.77148,0.358,0.16,0.197,0.45666,7.2611,-6.8064,1,1.2638,0.76341,0.15603,0.78373,0.77822,0.77292,0.71219,1.0595
2,4,1,2,0.81994,0.268,0.1325,0.1425,0.4835,9.6995,-9.0166,1,1.878,0.81307,0.13386,0.82402,0.86935,0.83452,0.75772,0.58941
2,4,1,2,0.8566,0.2795,0.141,0.1455,0.48743,9.3004,-8.7423,1,1.8029,0.81608,0.13092,0.79057,0.88234,0.90501,0.74184,0.52421
2,4,2,1,0.82799,1.191,0.345,0.828,0.29578,4.4685,-2.1514,0.092631,0.42832,0.73973,0.33499,0.96088,0.73735,0.90156,0.70944,1.4847
2,4,2,1,0.87538,1.176,0.3325,0.837,0.2843,4.5255,-2.2208,0.10211,0.42614,0.80791,0.40245,0.98281,0.79047,0.93692,0.70463,1.5708
2,4,2,1,0.88936,1.21,0.3305,0.87,0.27907,4.3983,-2.1466,0.068787,0.42093,0.77767,0.44803,0.9876,0.73253,0.93348,0.68837,1.4735
2,4,2,2,0.85527,0.278,0.139,0.141,0.49564,9.3507,-8.7627,1,1.8029,0.84676,0.11788,0.81842,0.91498,0.86449,0.81114,0.97836
2,4,2,2,0.8423,0.204,0.1065,0.1005,0.51392,12.743,-11.965,1,2.5391,0.82593,0.085056,0.8522,0.85103,0.8066,0.85329,0.43111
2,4,2,2,0.87101,0.21,0.1125,0.1025,0.53787,12.378,-11.533,1,2.4414,0.8479,0.11076,0.85227,0.78435,0.83702,0.84852,0.39203
2,4,3,1,0.76332,1.196,0.357,0.826,0.32221,4.4498,-2.1499,0.10284,0.40838,0.79777,0.32714,0.891,0.771,0.87817,0.67635,1.5708
2,4,3,1,0.90667,1.169,0.3735,0.7835,0.34075,4.5528,-2.2027,0.12765,0.43846,0.86075,0.38004,0.97679,0.86576,0.96202,0.74002,2.1495
2,4,3,1,0.88073,1.1875,0.3605,0.822,0.30561,4.4816,-2.1765,0.10972,0.41853,0.82226,0.36982,0.96399,0.80064,0.95776,0.71243,1.5708
2,4,3,2,0.86159,0.272,0.1405,0.14,0.50191,9.5568,-8.7557,1,1.878,0.81789,0.15051,0.80587,0.93794,0.83301,0.78766,0.54941
2,4,3,2,0.89542,0.233,0.1215,0.116,0.51972,11.156,-10.156,1,2.1307,0.85577,0.15348,0.83482,0.93356,0.8751,0.82158,0.86877
2,4,3,2,0.87304,0.234,0.124,0.119,0.50934,11.109,-10.248,1,2.1307,0.84226,0.13194,0.84603,0.96049,0.84633,0.82103,0.68464
2,5,1,1,0.80138,1.44,0.52,0.92,0.36671,3.6958,-1.7299,0.11489,0.35383,0.74054,0.32972,0.89811,0.71168,0.86682,0.6738,1.8427
2,5,1,1,0.84388,1.385,0.4735,0.9065,0.34282,3.8425,-1.8358,0.10208,0.36991,0.78959,0.3458,0.93778,0.73254,0.92128,0.74637,3.1416
2,5,1,1,0.81471,1.323,0.424,0.88,0.33277,4.0226,-1.8986,0.11117,0.36621,0.74807,0.32664,0.9123,0.69268,0.8972,0.69388,2.6356
2,5,1,2,0.81731,0.565,0.293,0.282,0.50607,4.6008,-4.2204,1,0.97656,0.76516,0.17869,0.75089,0.78452,0.77077,0.72599,1.4263
2,5,1,2,0.87001,0.481,0.241,0.232,0.51044,5.4045,-5.1527,1,1.019,0.86181,0.14516,0.87478,0.90944,0.83434,0.82119,0.96665
2,5,1,2,0.89765,0.475,0.24,0.237,0.50682,5.4726,-5.0485,1,1.0653,0.85558,0.15402,0.84724,0.86024,0.83053,0.83188,1.0254
2,5,2,1,0.69565,1.173,0.3665,0.8055,0.30891,4.5371,-2.2142,0.080284,0.43777,0.70917,0.3385,0.79,0.62809,0.83523,0.67948,1.5708
2,5,2,1,0.80251,1.0625,0.359,0.7175,0.33243,5.0089,-2.3888,0.05187,0.47907,0.7547,0.25655,0.88009,0.73075,0.87248,0.69918,1.671
2,5,2,1,0.81104,1.013,0.351,0.6565,0.36317,5.2537,-2.5364,0.099161,0.47743,0.78784,0.2544,0.9026,0.77637,0.90308,0.71666,1.4522
2,5,2,2,0.82779,0.316,0.1605,0.153,0.51266,8.2261,-7.7326,1,1.5625,0.80919,0.14451,0.72327,0.89895,0.84334,0.77842,0.65937
2,5,2,2,0.87236,0.34,0.1655,0.1725,0.49319,7.6455,-7.289,1,1.4648,0.86812,0.12893,0.83966,0.92206,0.90713,0.81267,0.95764
2,5,2,2,0.86991,0.3325,0.161,0.167,0.49335,7.8184,-7.3762,1,1.4974,0.86241,0.11304,0.8478,0.88555,0.86201,0.84315,0.84905
2,5,3,1,0.82887,1.002,0.307,0.694,0.31395,5.3113,-2.5703,0.083698,0.51153,0.78276,0.31861,0.9228,0.71877,0.92611,0.69152,2.02
2,5,3,1,0.85853,0.9595,0.32,0.651,0.32661,5.5466,-2.6702,0.13251,0.49867,0.83753,0.31004,0.92074,0.74619,0.92914,0.7391,1.5247
2,5,3,1,0.8577,1.103,0.327,0.789,0.29521,4.825,-2.3573,0.090494,0.44759,0.81283,0.3437,0.93421,0.72704,0.94882,0.72813,1.5708
2,5,3,2,0.89062,0.3145,0.1545,0.1555,0.49765,8.2654,-7.8398,1,1.6276,0.88102,0.14248,0.84922,0.88477,0.88978,0.87149,0.92275
2,5,3,2,0.89256,0.287,0.144,0.142,0.50088,9.0574,-8.5466,1,1.7278,0.87956,0.09759,0.83748,0.90864,0.90186,0.85675,0.65337
2,5,3,2,0.89692,0.278,0.143,0.1375,0.51006,9.3507,-8.527,1,1.8029,0.88924,0.16454,0.71983,0.88893,0.90289,0.86262,0.95643
2,7,1,1,0.77468,1.6425,0.6125,1.0395,0.37821,3.2401,-1.5545,0.39405,0.28076,0.74104,0.37179,0.93141,0.66138,0.8303,0.68049,3.1416
2,7,1,1,0.69392,1.4145,0.4895,0.9075,0.35776,3.7624,-1.8097,0.23511,0.37339,0.697,0.35546,0.80585,0.60764,0.80946,0.61858,3.1416
2,7,1,1,0.83943,1.4875,0.497,0.9695,0.34425,3.5778,-1.6991,0.18792,0.31196,0.78547,0.34707,0.94029,0.74149,0.90905,0.68879,2.7553
2,7,1,2,0.81782,0.283,0.147,0.139,0.52355,9.1854,-8.6035,1,1.237,0.79114,0.17594,0.80098,0.78435,0.76867,0.79261,0.85827
2,7,1,2,0.76239,0.3095,0.1565,0.1505,0.52381,8.3989,-7.455,1,1.6927,0.75846,0.16669,0.76436,0.85935,0.75043,0.72841,1.0149
2,7,1,2,0.84994,0.354,0.18,0.17,0.51648,7.3431,-6.2594,1,1.3787,0.81944,0.17658,0.83743,0.88769,0.78033,0.789,0.81714
2,7,2,1,0.8426,1.187,0.4045,0.779,0.34399,4.4835,-2.1324,0.076179,0.42379,0.78922,0.32651,0.92373,0.73576,0.886,0.74588,1.5708
2,7,2,1,0.80246,1.187,0.417,0.795,0.34824,4.4835,-2.1383,0.069453,0.40537,0.78577,0.3215,0.92509,0.7348,0.87252,0.7412,3.1416
2,7,2,1,0.87124,1.1035,0.4045,0.7145,0.35897,4.8228,-2.3336,0.15849,0.43403,0.83088,0.329,0.98477,0.80149,0.89048,0.7783,3.1416
2,7,2,2,0.818,0.2795,0.1385,0.1395,0.5,9.3004,-8.6093,1,1.8834,0.83361,0.15413,0.85596,0.92997,0.80383,0.76785,0.8998
2,7,2,2,0.85225,0.3075,0.1575,0.1505,0.50959,8.4536,-7.0125,1,1.6276,0.8272,0.21456,0.87164,0.93176,0.80805,0.74418,1.0777
2,7,2,2,0.86212,0.281,0.1445,0.139,0.5092,9.2508,-8.5039,1,1.8029,0.8652,0.1267,0.87045,0.90922,0.84886,0.83317,0.58643
2,7,3,1,0.80065,1.118,0.4,0.72,0.37112,4.7602,-2.2571,0.083672,0.43634,0.7857,0.29608,0.88758,0.77103,0.86517,0.70813,3.1416
2,7,3,1,0.78681,1.108,0.4105,0.702,0.37481,4.8032,-2.2763,0.085635,0.44222,0.77783,0.29567,0.87355,0.76343,0.85016,0.69169,3.1416
2,7,3,1,0.67409,0.9945,0.3665,0.633,0.36511,5.3514,-2.5481,0.065966,0.51945,0.70476,0.29645,0.78107,0.65797,0.76949,0.63212,2.5058
2,7,3,2,0.80799,0.2585,0.1295,0.127,0.50915,10.056,-9.4924,1,1.8717,0.81305,0.12548,0.84505,0.86761,0.78699,0.78225,0.56793
2,7,3,2,0.82458,0.2225,0.115,0.1095,0.52013,11.684,-10.977,1,2.2461,0.82255,0.19656,0.8175,0.78435,0.83457,0.82098,1.0075
2,7,3,2,0.83678,0.2225,0.1155,0.109,0.51519,11.683,-11.07,1,2.2461,0.8396,0.1074,0.82742,0.86237,0.84231,0.82357,0.48509
2,10,1,1,0.75958,1.113,0.392,0.711,0.37003,4.7816,-2.308,0.07039,0.44582,0.76963,0.32846,0.89979,0.73793,0.84311,0.72132,1.5143
2,10,1,1,0.77729,1.083,0.437,0.656,0.40526,4.9141,-2.3138,0.12398,0.46064,0.78965,0.32096,0.87781,0.74324,0.85218,0.75289,1.776
2,10,1,1,0.86275,1.283,0.507,0.8245,0.3692,4.1481,-1.9878,0.077233,0.36621,0.84093,0.27829,0.96274,0.81205,0.87807,0.77638,3.1416
2,10,1,2,0.76442,0.751,0.355,0.393,0.46594,3.4614,-3.3203,0.26151,0.67817,0.78852,0.18292,0.8151,0.77918,0.81241,0.76004,1.2756
2,10,1,2,0.86658,0.6035,0.2875,0.3275,0.47238,4.3073,-4.1022,1,0.83189,0.84922,0.14719,0.87353,0.81374,0.83959,0.83699,1.0222
2,10,1,2,0.87286,0.5965,0.289,0.314,0.47623,4.3579,-4.1366,1,0.84186,0.85095,0.19846,0.90151,0.81269,0.83387,0.87592,1.0864
2,10,2,1,0.76121,1.582,0.486,1.079,0.32669,3.3641,-1.6144,0.061686,0.2917,0.75152,0.39496,0.95541,0.73606,0.77892,0.59487,2.6784
2,10,2,1,0.74775,1.515,0.4585,1.05,0.30151,3.5128,-1.7008,0.044509,0.33031,0.68558,0.38245,0.94661,0.7175,0.77044,0.58232,2.1002
2,10,2,1,0.62573,1.442,0.441,0.976,0.31672,3.6907,-1.7641,0.052013,0.3155,0.63413,0.43587,0.79193,0.59251,0.70068,0.59778,2.1776
2,10,2,2,0.83195,0.549,0.2435,0.303,0.44314,4.735,-4.4321,0.65543,0.89844,0.83202,0.16097,0.83954,0.75429,0.89175,0.84452,1.2437
2,10,2,2,0.86045,0.518,0.2345,0.2825,0.45158,5.0183,-4.6375,1,0.97656,0.80753,0.14493,0.77967,0.76626,0.8831,0.832,0.94858
2,10,2,2,0.82317,0.538,0.245,0.286,0.45636,4.8317,-4.6763,1,0.9375,0.8267,0.21367,0.80008,0.7572,0.89221,0.87839,1.1671
2,10,3,1,0.74708,1.0805,0.319,0.7595,0.30229,4.9256,-2.2915,0.037505,0.45956,0.65084,0.3517,0.87131,0.62498,0.88547,0.61111,3.0078
2,10,3,1,0.83093,1.0195,0.3155,0.7085,0.30595,5.2202,-2.4536,0.028422,0.48828,0.73103,0.3674,0.93962,0.68854,0.95082,0.67513,1.8677
2,10,3,1,0.77418,1.0415,0.325,0.717,0.30836,5.1099,-2.3616,0.041585,0.48828,0.66588,0.31801,0.85433,0.59957,0.8943,0.65206,2.5099
2,10,3,2,0.90046,0.542,0.218,0.316,0.41056,4.7961,-4.681,0.4661,0.93587,0.87237,0.22406,0.91277,0.82368,0.9417,0.85004,1.1182
2,10,3,2,0.87203,0.474,0.203,0.272,0.41418,5.4841,-5.1626,1,1.0653,0.84579,0.16773,0.86869,0.80394,0.89813,0.79879,1.1141
2,10,3,2,0.90104,0.4905,0.208,0.282,0.42001,5.2996,-5.123,0.44926,1.021,0.88373,0.18321,0.91946,0.8383,0.91733,0.85469,1.2329
