grp,pp,S,ID,peakVel,MT,accTime,decTime,accQ,IPerf,IPerfEf,Harmonicity,f,vfTrajCircularity,vfCircularity,q1,q2,q3,q4,maxangle
1,2,1,1,0.83088,1.176,0.328,0.8315,0.28268,4.5255,-2.1488,0.040403,0.42832,0.62103,0.46164,0.93516,0.58396,0.92889,0.60109,1.8854
1,2,1,1,0.71989,1.058,0.325,0.7315,0.31466,5.0302,-2.3754,0.049156,0.47871,0.65298,0.41684,0.78827,0.56804,0.84673,0.59985,1.5708
1,2,1,1,0.87292,0.9975,0.3075,0.6795,0.308,5.3353,-2.4936,0.041182,0.50863,0.71089,0.38029,0.94507,0.64359,0.93167,0.65593,1.8899
1,2,1,2,0.73127,0.6865,0.287,0.4125,0.41116,5.8267,-3.5822,1,0.73242,0.76009,0.20334,0.79823,0.72398,0.81224,0.73613,3.1416
1,2,1,2,0.77435,0.6185,0.264,0.34,0.44274,6.4675,-3.9284,0.35026,0.8138,0.77805,0.19683,0.82569,0.7588,0.80083,0.76678,1.2595
1,2,1,2,0.89805,0.592,0.235,0.356,0.40167,6.7568,-4.1787,0.4013,0.83705,0.85298,0.21508,0.87832,0.80825,0.94738,0.82875,1.3292
1,2,1,3,0.90139,0.3385,0.169,0.167,0.49161,7.6794,-7.2586,1,1.4936,0.89759,0.094275,0.93043,0.87123,0.84249,0.90206,1.1189
1,2,1,3,0.88782,0.3075,0.156,0.1555,0.49753,8.4536,-7.9314,1,1.6044,0.87469,0.10992,0.8944,0.8756,0.85841,0.87403,0.78387
1,2,1,3,0.89567,0.2925,0.1485,0.145,0.50688,8.8871,-7.778,1,1.6741,0.84882,0.12066,0.86148,0.87968,0.81293,0.84883,0.77943
1,2,2,1,0.77623,0.9605,0.224,0.7445,0.23556,5.5408,-2.6501,0.033746,0.51945,0.63584,0.42196,0.91731,0.58359,0.86558,0.56044,2.2103
1,2,2,1,0.72535,0.862,0.221,0.645,0.25304,6.1739,-2.9763,0.031888,0.56538,0.61856,0.35617,0.91453,0.60468,0.81375,0.59665,2.9732
1,2,2,1,0.82491,0.7355,0.222,0.5175,0.30204,7.2359,-3.4223,0.034143,0.66964,0.71983,0.3384,0.90217,0.64589,0.92665,0.68717,1.7856
1,2,2,2,0.9107,0.411,0.201,0.207,0.48635,9.7324,-6.0709,1,1.2336,0.89055,0.13334,0.88453,0.86881,0.90462,0.89602,1.1524
1,2,2,2,0.89818,0.3415,0.183,0.162,0.52857,11.713,-7.3052,1,1.4648,0.88706,0.1293,0.87316,0.9047,0.87271,0.90194,0.79587
1,2,2,2,0.94557,0.33,0.178,0.153,0.53509,12.121,-7.6924,1,1.4974,0.92126,0.1505,0.88995,0.93937,0.91948,0.94172,0.99038
1,2,2,3,0.84059,0.1875,0.0985,0.091,0.52178,13.864,-12.709,1,2.6042,0.83221,0.081001,0.84009,0.85029,0.81824,0.82779,0.50305
1,2,2,3,0.93286,0.24,0.127,0.1115,0.53259,10.831,-9.8082,1,2.1307,0.89122,0.13049,0.86752,0.93606,0.86029,0.89419,0.68503
1,2,2,3,0.69479,0.203,0.109,0.094,0.53867,12.806,-11.79,1,2.4957,0.71518,0.092589,0.70563,0.81266,0.87501,0.77494,0.16046
1,2,3,1,0.83399,0.8585,0.2865,0.5545,0.33607,6.1991,-3.015,0.1015,0.59546,0.79557,0.28201,0.95564,0.75756,0.87431,0.74815,3.1416
1,2,3,1,0.90282,0.7805,0.281,0.493,0.36214,6.8186,-3.3188,0.16317,0.65104,0.8929,0.25708,0.97787,0.82966,0.93898,0.82529,1.4045
1,2,3,1,0.82497,0.823,0.336,0.494,0.4085,6.4665,-3.1464,0.15736,0.60096,0.83806,0.26241,0.86985,0.76612,0.88713,0.82021,1.4245
1,2,3,2,0.82996,0.347,0.182,0.167,0.52698,11.527,-7.3348,1,1.4648,0.85418,0.15692,0.87326,0.90722,0.81687,0.86195,1.0971
1,2,3,2,0.87493,0.342,0.1835,0.1625,0.52215,11.696,-7.3875,1,1.4648,0.89209,0.16165,0.89028,0.97079,0.8537,0.87483,1.0896
1,2,3,2,0.83938,0.3055,0.1655,0.143,0.53976,13.093,-8.3022,1,1.6276,0.85341,0.12942,0.85382,0.91303,0.84628,0.83791,0.85138
1,2,3,3,0.83718,0.203,0.104,0.1045,0.50736,12.805,-11.441,1,2.4414,0.80127,0.12331,0.83943,0.85853,0.81196,0.79218,0.54799
1,2,3,3,0.82969,0.144,0.0755,0.0745,0.50008,18.052,-15.78,1,3.6272,0.76357,0.21969,0.87121,0.81266,0.87501,0.76357,0.19211
1,2,3,3,0.89879,0.1655,0.087,0.085,0.52296,15.707,-14.1,1,3.0518,0.90907,0.1415,0.87121,0.90907,0.87501,0.78708,0
1,3,1,1,0.89363,1.0915,0.448,0.6285,0.41812,4.8758,-2.2911,0.12929,0.44222,0.84217,0.26942,0.91903,0.788,0.91142,0.77352,2.3072
1,3,1,1,0.85965,1.0465,0.4255,0.6225,0.41335,5.0855,-2.3821,0.1031,0.47743,0.81608,0.26106,0.8917,0.7435,0.89771,0.76682,1.8497
1,3,1,1,0.82322,1.067,0.4215,0.6335,0.39814,4.9878,-2.349,0.076575,0.47789,0.787,0.26521,0.88862,0.74143,0.88365,0.72455,2.482
1,3,1,2,0.83986,0.831,0.333,0.487,0.40825,4.8135,-2.951,0.1318,0.57592,0.79029,0.2524,0.8837,0.71397,0.88013,0.77579,3.1416
1,3,1,2,0.86187,0.7105,0.285,0.413,0.41062,5.6299,-3.4729,0.19421,0.74678,0.82904,0.21604,0.906,0.81298,0.86768,0.77795,1.3741
1,3,1,2,0.90154,0.7025,0.275,0.4305,0.38729,5.6942,-3.5503,0.16067,0.73982,0.84888,0.20551,0.90842,0.81444,0.91766,0.78824,1.2764
1,3,1,3,0.82823,0.508,0.2125,0.315,0.41622,5.1171,-4.7543,0.76625,0.97656,0.78242,0.16777,0.81335,0.73756,0.8639,0.75459,1.5462
1,3,1,3,0.91025,0.441,0.197,0.239,0.44687,5.8945,-5.5012,1,1.1161,0.8641,0.14899,0.87632,0.86875,0.88591,0.83858,0.90536
1,3,1,3,0.88962,0.356,0.1715,0.189,0.48292,7.3019,-6.8942,1,1.4648,0.87752,0.14024,0.88805,0.92394,0.8863,0.82315,0.73237
1,3,2,1,0.77135,0.9585,0.4315,0.5345,0.44016,5.5524,-2.5485,0.11739,0.49867,0.74472,0.25298,0.81341,0.70825,0.87792,0.71434,3.1416
1,3,2,1,0.86692,0.946,0.3915,0.5395,0.41185,5.6257,-2.6159,0.080156,0.50951,0.82051,0.26609,0.86401,0.77447,0.91897,0.78297,3.1416
1,3,2,1,0.86528,0.8985,0.3635,0.531,0.42017,5.9232,-2.7607,0.11751,0.55427,0.83429,0.25737,0.85933,0.73992,0.93978,0.80564,3.1416
1,3,2,2,0.85476,0.641,0.265,0.371,0.40748,6.2402,-3.7736,0.13887,0.78125,0.81451,0.19629,0.81836,0.78816,0.93231,0.76744,3.1416
1,3,2,2,0.87037,0.579,0.2505,0.349,0.40248,6.9085,-4.2519,0.093747,0.82031,0.83204,0.20035,0.8441,0.80944,0.88856,0.76811,1.1851
1,3,2,2,0.85282,0.609,0.268,0.358,0.42322,6.5681,-3.978,0.10373,0.7487,0.81319,0.22495,0.82191,0.78704,0.89498,0.75464,2.1839
1,3,2,3,0.85722,0.312,0.154,0.165,0.46909,8.3317,-7.6251,1,1.6276,0.85884,0.13159,0.80065,0.87495,0.86101,0.82032,1.1023
1,3,2,3,0.88895,0.323,0.155,0.165,0.49508,8.0479,-7.6044,1,1.5625,0.86234,0.15303,0.83971,0.90451,0.90635,0.82896,0.85891
1,3,2,3,0.95031,0.3295,0.164,0.167,0.49631,7.8893,-7.2357,1,1.4974,0.90551,0.16015,0.88672,0.94433,0.93681,0.84857,0.81824
1,3,3,1,0.81932,0.9435,0.412,0.531,0.43396,5.6406,-2.5801,0.11062,0.51945,0.77819,0.23169,0.82121,0.71451,0.85657,0.73588,2.8793
1,3,3,1,0.88396,0.8445,0.345,0.49,0.42849,6.3019,-2.9819,0.076128,0.57445,0.85587,0.2162,0.88528,0.81993,0.92111,0.80933,3.1416
1,3,3,1,0.87049,0.888,0.403,0.499,0.4424,5.9932,-2.6031,0.11328,0.55427,0.80012,0.23099,0.82184,0.77442,0.90382,0.75597,2.2739
1,3,3,2,0.89147,0.562,0.24,0.3235,0.42872,7.1175,-4.4629,0.16446,0.939,0.86073,0.20521,0.85807,0.84624,0.91251,0.80475,1.3529
1,3,3,2,0.90849,0.485,0.218,0.273,0.44574,8.2474,-5.0899,0.12823,1.019,0.86717,0.1666,0.87601,0.86472,0.90956,0.82629,1.1482
1,3,3,2,0.9284,0.5185,0.237,0.2805,0.45506,7.7146,-4.8655,0.13343,0.97656,0.89581,0.15669,0.89398,0.89142,0.92555,0.82909,1.0216
1,3,3,3,0.88789,0.2975,0.1465,0.1515,0.5026,8.7377,-8.1964,1,1.7439,0.86306,0.16638,0.85721,0.91204,0.86709,0.7993,0.99283
1,3,3,3,0.91779,0.33,0.1685,0.1635,0.50586,7.8772,-7.3689,1,1.4974,0.88017,0.15458,0.88328,0.96407,0.89333,0.81285,0.92706
1,3,3,3,0.90063,0.29,0.1515,0.1485,0.51527,8.9637,-8.4215,1,1.6741,0.8749,0.14411,0.88294,0.95811,0.88415,0.81967,1.0877
1,6,1,1,0.76231,1.32,0.443,0.8715,0.34409,4.032,-1.9314,0.10539,0.39062,0.71808,0.33211,0.79899,0.62937,0.90807,0.69693,1.4774
1,6,1,1,0.71368,2.0625,0.625,1.4165,0.31449,2.5815,-1.2372,0.1451,0.19531,0.72394,0.39758,0.89155,0.66452,0.78873,0.60048,1.8909
1,6,1,1,0.79401,1.389,0.507,0.889,0.34895,3.8315,-1.8318,0.080295,0.33675,0.80264,0.25696,0.892,0.74151,0.88304,0.74231,2.5895
1,6,1,2,0.81828,1.123,0.404,0.715,0.36842,3.5619,-2.2313,0.090886,0.46875,0.78759,0.25462,0.88074,0.70685,0.90524,0.7709,3.1416
1,6,1,2,0.72414,0.944,0.372,0.572,0.41131,4.2373,-2.6439,0.25345,0.53478,0.77477,0.22266,0.77806,0.66886,0.84049,0.79442,3.1416
1,6,1,2,0.75014,1.1025,0.4055,0.672,0.39329,3.6281,-2.1721,0.15207,0.46705,0.75799,0.26152,0.88508,0.7389,0.7918,0.73045,3.1416
1,6,1,3,0.68332,0.871,0.3275,0.543,0.38499,2.9865,-2.8088,0.096362,0.48828,0.69848,0.26321,0.75863,0.61021,0.78704,0.66385,1.3611
1,6,1,3,0.77698,0.9865,0.4165,0.5585,0.42333,2.6351,-2.3384,0.12224,0.50863,0.75565,0.17945,0.83793,0.79757,0.74836,0.66889,1.5708
1,6,1,3,0.74131,0.9465,0.3535,0.565,0.4045,2.7464,-2.6473,0.14956,0.49913,0.75507,0.24982,0.82337,0.69017,0.8009,0.71349,2.3484
1,6,2,1,0.77778,1.126,0.449,0.6765,0.39017,4.7265,-2.2558,0.081015,0.43403,0.78759,0.28763,0.82415,0.69215,0.88304,0.76423,3.1416
1,6,2,1,0.80425,1.3105,0.4995,0.806,0.37961,4.061,-1.9209,0.084907,0.37287,0.79078,0.27293,0.86022,0.70596,0.90412,0.75321,3.1416
1,6,2,1,0.90653,1.2055,0.478,0.705,0.40323,4.4147,-2.1189,0.091311,0.40409,0.8713,0.27617,0.9174,0.82131,0.93371,0.81781,1.5708
1,6,2,2,0.8673,0.912,0.4005,0.521,0.43325,4.386,-2.7575,0.10057,0.56424,0.8401,0.20773,0.84595,0.78419,0.91348,0.82473,3.1416
1,6,2,2,0.88226,0.712,0.3505,0.3565,0.49859,5.618,-3.5383,0.33403,0.69754,0.8728,0.20595,0.86157,0.83775,0.90451,0.89167,1.4278
1,6,2,2,0.86351,0.742,0.354,0.379,0.47187,5.3908,-3.4196,0.13574,0.67139,0.85704,0.20145,0.85269,0.82196,0.88834,0.86648,1.4414
1,6,2,3,0.90503,0.597,0.28,0.319,0.46656,4.3542,-4.1169,1,0.83705,0.86564,0.13401,0.86152,0.84704,0.90192,0.85903,1.352
1,6,2,3,0.90944,0.5745,0.2945,0.2805,0.50044,4.5247,-4.2894,1,0.86806,0.87375,0.16045,0.84991,0.90462,0.90374,0.87294,1.287
1,6,2,3,0.86703,0.6005,0.2985,0.299,0.49753,4.3288,-3.9263,1,0.83705,0.82845,0.16819,0.79707,0.83131,0.85357,0.82374,1.2268
1,6,3,1,0.81177,1.331,0.4785,0.843,0.37326,3.9985,-1.8942,0.095908,0.38147,0.79051,0.30038,0.84981,0.70497,0.92633,0.76608,2.14
1,6,3,1,0.71202,1.267,0.479,0.7945,0.38227,4.2004,-1.992,0.094192,0.39378,0.72551,0.26956,0.81557,0.6805,0.82555,0.68627,3.1416
1,6,3,1,0.77758,1.1805,0.4375,0.757,0.37534,4.5082,-2.1549,0.087045,0.40409,0.75506,0.28141,0.82555,0.65876,0.88574,0.75724,2.9926
1,6,3,2,0.86695,0.682,0.3345,0.3595,0.47369,5.8653,-3.6583,0.22067,0.76294,0.86434,0.18881,0.82782,0.80746,0.90763,0.89984,1.4108
1,6,3,2,0.90584,0.6395,0.3155,0.3285,0.48961,6.2549,-4.0063,0.28524,0.78125,0.89974,0.22838,0.86918,0.85975,0.93138,0.93327,1.4931
1,6,3,2,0.84487,0.6295,0.3095,0.3305,0.47756,6.3547,-4.0144,0.27448,0.78125,0.8532,0.17265,0.8422,0.81926,0.87473,0.87959,1.1813
1,6,3,3,0.91039,0.632,0.318,0.33,0.49322,4.1131,-3.9363,1,0.80218,0.87926,0.17716,0.85505,0.86686,0.91908,0.88542,1.1064
1,6,3,3,0.89503,0.579,0.296,0.275,0.52324,4.4896,-4.2935,1,0.86806,0.88336,0.20209,0.83608,0.87472,0.8982,0.9136,1.1458
1,6,3,3,0.89239,0.557,0.2835,0.274,0.50492,4.6669,-4.473,1,0.86806,0.88607,0.17362,0.84492,0.87376,0.91573,0.91831,1.16
1,8,1,1,0.80116,1.0775,0.38,0.6815,0.36427,4.9391,-2.2713,0.065358,0.4695,0.73003,0.31598,0.92308,0.69211,0.83264,0.69129,2.2051
1,8,1,1,0.80922,0.989,0.3285,0.664,0.333,5.3811,-2.5028,0.05212,0.48828,0.76721,0.28168,0.92104,0.69236,0.84425,0.70265,2.2872
1,8,1,1,0.85671,0.9425,0.323,0.613,0.3498,5.6466,-2.5816,0.035734,0.52083,0.75929,0.33419,0.95028,0.73402,0.8759,0.695,1.8501
1,8,1,2,0.80582,0.555,0.262,0.307,0.47222,7.2072,-4.4518,0.09893,0.89164,0.80171,0.19512,0.8773,0.80521,0.76837,0.75935,1.6781
1,8,1,2,0.79782,0.52,0.229,0.287,0.45618,7.6923,-4.7833,0.39967,0.85449,0.80698,0.15338,0.87202,0.81084,0.79003,0.77247,1.1297
1,8,1,2,0.84003,0.64,0.2685,0.3725,0.41677,6.25,-3.8605,0.21449,0.78125,0.81553,0.22859,0.88412,0.788,0.83884,0.74919,1.5708
1,8,1,3,0.84224,0.226,0.1245,0.1045,0.54605,11.502,-10.815,1,2.2461,0.82271,0.16987,0.75525,0.85506,0.85102,0.76519,0.43143
1,8,1,3,0.92669,0.194,0.104,0.096,0.51741,13.399,-12.527,1,2.6042,0.90835,0.13066,0.87726,0.98717,0.91217,0.87583,0.70744
1,8,1,3,0.92029,0.2465,0.1325,0.115,0.53451,10.546,-9.701,1,2.0345,0.90568,0.15676,0.85656,0.94319,0.89928,0.90288,0.99983
1,8,2,1,0.82895,1.054,0.352,0.688,0.33611,5.0493,-2.3932,0.048342,0.46705,0.78396,0.36075,0.90602,0.68701,0.91671,0.75814,2.1538
1,8,2,1,0.66255,1.202,0.3905,0.8225,0.33046,4.4276,-2.0317,0.053701,0.41556,0.67168,0.35455,0.76956,0.60858,0.77759,0.59375,2.234
1,8,2,1,0.89055,1.14,0.3475,0.7975,0.2995,4.6684,-2.137,0.035497,0.44389,0.78261,0.36941,0.92174,0.7239,0.91047,0.70901,1.8237
1,8,2,2,0.77301,0.636,0.253,0.397,0.38706,6.2893,-3.9089,0.21504,0.7487,0.76043,0.23422,0.84258,0.697,0.83584,0.75044,3.1416
1,8,2,2,0.83375,0.428,0.202,0.214,0.48655,9.3458,-5.6495,1,1.0742,0.83114,0.12517,0.82275,0.83866,0.79911,0.83035,0.97111
1,8,2,2,0.83306,0.67,0.269,0.403,0.40262,5.9701,-3.7599,1,0.71615,0.82758,0.21803,0.88253,0.80128,0.87081,0.77108,1.4064
1,8,2,3,0.92367,0.174,0.0925,0.0825,0.53191,14.939,-13.045,1,2.9297,0.90203,0.23299,0.88849,0.89773,0.87501,0.90975,0.2154
1,8,2,3,0.89363,0.203,0.107,0.0975,0.52941,12.805,-12.027,1,2.4957,0.86533,0.12919,0.85563,0.89984,0.90995,0.87442,0.57894
1,8,2,3,0.93411,0.1965,0.107,0.091,0.54417,13.229,-12.683,1,2.6042,0.89776,0.096646,0.86025,0.94331,0.96764,0.92521,0.69559
1,8,3,1,0.89674,0.931,0.327,0.592,0.3656,5.7164,-2.6667,0.07491,0.54783,0.83997,0.27409,0.91486,0.76412,0.9108,0.80153,1.5708
1,8,3,1,0.8004,0.857,0.3025,0.5625,0.34936,6.21,-2.9596,0.058979,0.56538,0.75949,0.2859,0.85977,0.66902,0.87783,0.74749,1.5808
1,8,3,1,0.81497,0.907,0.3235,0.601,0.35442,5.8676,-2.8039,0.075433,0.55487,0.78586,0.28089,0.8951,0.72905,0.88543,0.74951,1.5708
1,8,3,2,0.84558,0.545,0.25,0.296,0.43786,7.3394,-4.5151,1,0.939,0.84103,0.14395,0.8827,0.81307,0.83653,0.80032,1.113
1,8,3,2,0.87796,0.446,0.223,0.234,0.48473,8.9686,-5.6474,1,1.1161,0.87927,0.17136,0.91115,0.87745,0.84814,0.87482,1.0373
1,8,3,2,0.85098,0.459,0.2145,0.243,0.46733,8.7146,-5.4696,1,1.0696,0.84715,0.13548,0.86292,0.82581,0.85437,0.8366,0.93494
1,8,3,3,0.86487,0.172,0.094,0.08,0.54923,15.113,-13.768,1,2.9297,0.8244,0.21617,0.87121,0.81266,0.87501,0.78708,1.486
1,8,3,3,0.90506,0.182,0.1,0.082,0.54462,14.283,-13.381,1,2.8076,0.88942,0.12337,0.80898,0.89664,0.91451,0.90951,0.40607
1,8,3,3,0.85849,0.183,0.103,0.085,0.5367,14.205,-12.879,1,2.8076,0.84835,0.12654,0.79459,0.85428,0.85968,0.85424,0.56389
1,9,1,1,0.75546,1.09,0.451,0.633,0.41385,4.8825,-2.3587,0.10842,0.47832,0.77377,0.25439,0.90831,0.74844,0.78504,0.71974,1.8026
1,9,1,1,0.82337,1.0655,0.407,0.645,0.39557,4.9948,-2.3924,0.080272,0.47789,0.80548,0.24948,0.87377,0.75407,0.87908,0.76836,3.1416
1,9,1,1,0.88619,1.067,0.367,0.692,0.35105,4.9877,-2.3762,0.080923,0.46794,0.84124,0.28241,0.93816,0.78686,0.92622,0.76693,3.1416
1,9,1,2,0.8858,0.577,0.248,0.3175,0.44217,6.9324,-4.2356,1,0.87193,0.85576,0.18427,0.89691,0.83073,0.89134,0.80091,1.1599
1,9,1,2,0.91683,0.5905,0.2535,0.3305,0.43051,6.774,-4.1487,0.59222,0.83705,0.88137,0.18806,0.91077,0.85345,0.90751,0.84574,1.2056
1,9,1,2,0.88441,0.716,0.298,0.418,0.41867,5.5866,-3.497,0.39796,0.68934,0.86198,0.15484,0.90813,0.8309,0.90519,0.82689,1.2344
1,9,1,3,0.83048,0.4865,0.232,0.2585,0.47599,5.3432,-4.6356,1,1.0615,0.78995,0.16806,0.83624,0.77393,0.77569,0.74836,1.0444
1,9,1,3,0.84736,0.393,0.19,0.202,0.48362,6.6146,-5.9864,1,1.285,0.8334,0.18353,0.85288,0.81945,0.79734,0.81858,0.99203
1,9,1,3,0.90931,0.374,0.188,0.1885,0.49807,6.9505,-6.6886,1,1.3563,0.90577,0.15984,0.90819,0.92401,0.90372,0.89162,0.93011
1,9,2,1,0.83727,0.95,0.327,0.6335,0.3468,5.6021,-2.6713,0.041061,0.51945,0.74516,0.28354,0.84297,0.69206,0.92813,0.75221,1.8354
1,9,2,1,0.8187,0.836,0.294,0.545,0.35374,6.3659,-3.0165,0.056173,0.59679,0.78388,0.24616,0.89208,0.71147,0.90814,0.73806,1.5708
1,9,2,1,0.7972,0.8665,0.2985,0.5475,0.3535,6.1419,-2.9126,0.059309,0.57165,0.76299,0.29023,0.84921,0.72577,0.88626,0.72104,1.5708
1,9,2,2,0.9242,0.489,0.227,0.2625,0.46202,8.18,-5.1479,1,1.0231,0.90657,0.20646,0.90434,0.87974,0.93336,0.88569,1.0977
1,9,2,2,0.82702,0.497,0.2205,0.2745,0.44755,8.0483,-4.9298,0.46775,1.019,0.81885,0.1809,0.83562,0.80235,0.85272,0.79614,1.157
1,9,2,2,0.90101,0.489,0.219,0.271,0.44468,8.18,-4.9869,1,1.019,0.85815,0.17627,0.87937,0.84248,0.90876,0.82988,1.0268
1,9,2,3,0.86864,0.277,0.145,0.1345,0.51799,9.3843,-9.0196,1,1.8029,0.88906,0.13405,0.90982,0.91465,0.85878,0.88621,0.97361
1,9,2,3,0.86127,0.25,0.135,0.116,0.53508,10.398,-9.5614,1,2.0345,0.85748,0.11315,0.82852,0.88954,0.86605,0.85318,0.75819
1,9,2,3,0.86741,0.296,0.153,0.145,0.51311,8.782,-8.3153,1,1.6741,0.87229,0.13554,0.84146,0.92535,0.8871,0.85298,0.57999
1,9,3,1,0.80593,0.911,0.3195,0.5955,0.34704,5.8419,-2.7054,0.10187,0.55487,0.76703,0.30668,0.85106,0.7026,0.88244,0.73189,1.6147
1,9,3,1,0.8608,0.886,0.311,0.565,0.35748,6.0067,-2.9184,0.13536,0.56152,0.81626,0.28644,0.90252,0.75718,0.95685,0.80674,1.5362
1,9,3,1,0.8157,0.9445,0.3235,0.6245,0.33846,5.6347,-2.6778,0.098447,0.50951,0.80792,0.29163,0.89427,0.73472,0.91237,0.7562,1.537
1,9,3,2,0.84653,0.585,0.2455,0.327,0.43841,6.8376,-4.2117,0.27195,0.83189,0.82506,0.18575,0.8431,0.76996,0.88592,0.80615,1.5708
1,9,3,2,0.86966,0.444,0.206,0.234,0.46396,9.009,-5.6095,1,1.1626,0.84896,0.12472,0.8622,0.84828,0.86591,0.83061,1.0459
1,9,3,2,0.89834,0.485,0.2245,0.2655,0.45799,8.2475,-5.2091,1,1.019,0.8857,0.1784,0.88643,0.88647,0.90685,0.85186,1.2637
1,9,3,3,0.78081,0.278,0.1455,0.133,0.51689,9.3506,-8.4727,1,1.8029,0.77166,0.097035,0.78344,0.82291,0.75378,0.75218,0.51042
1,9,3,3,0.81738,0.223,0.125,0.1035,0.53991,11.657,-10.749,1,2.3082,0.8148,0.051936,0.87121,0.80715,0.79152,0.8505,0.42177
1,9,3,3,0.88295,0.259,0.1395,0.1205,0.53374,10.037,-8.9058,1,1.9531,0.87192,0.14385,0.86764,0.91229,0.86557,0.86373,0.68647
2,1,1,1,0.61084,1.094,0.374,0.676,0.34124,4.8647,-2.2854,0.061629,0.43846,0.6459,0.37573,0.76555,0.63346,0.70277,0.58858,3.068
2,1,1,1,0.82408,1.149,0.328,0.799,0.28605,4.632,-2.2036,0.036804,0.44759,0.76355,0.33602,0.93799,0.73642,0.89163,0.64928,1.4951
2,1,1,1,0.72264,1.069,0.3335,0.719,0.3372,4.9789,-2.3602,0.035863,0.48828,0.68819,0.3162,0.83969,0.66183,0.81161,0.61781,1.5708
2,1,1,2,0.87787,0.605,0.255,0.346,0.41157,6.6116,-4.0763,1,0.77452,0.85598,0.20126,0.86546,0.82306,0.91658,0.81557,1.1279
2,1,1,2,0.92734,0.504,0.242,0.274,0.46591,7.9365,-4.8634,1,0.97656,0.89257,0.18561,0.87495,0.86825,0.93518,0.8775,1.1509
2,1,1,2,0.86778,0.5685,0.2545,0.3165,0.43527,7.0361,-4.4757,1,0.87193,0.8631,0.17147,0.86392,0.83347,0.92201,0.84538,1.261
2,1,1,3,0.90972,0.324,0.17,0.157,0.5175,8.023,-7.5696,1,1.5625,0.90417,0.13988,0.90417,0.93722,0.8594,0.90959,0.85104
2,1,1,3,0.83858,0.237,0.128,0.1145,0.53358,10.968,-10.424,1,2.0419,0.83425,0.17987,0.85427,0.94589,0.83161,0.79591,0.67573
2,1,1,3,0.8754,0.273,0.141,0.134,0.51705,9.5218,-8.7396,1,1.878,0.8725,0.11699,0.89693,0.90895,0.84186,0.85237,0.88979
2,1,2,1,0.69456,1.2305,0.382,0.835,0.32241,4.3251,-2.0279,0.032469,0.39438,0.67009,0.37941,0.83326,0.62469,0.78742,0.60835,3.1416
2,1,2,1,0.84023,1.088,0.36,0.725,0.34035,4.8915,-2.3245,0.03798,0.45956,0.77921,0.29308,0.90602,0.73996,0.9018,0.7096,2.2464
2,1,2,1,0.86119,1.0575,0.344,0.708,0.33171,5.0326,-2.4208,0.055627,0.47871,0.83082,0.35343,0.95569,0.79861,0.92608,0.72317,1.4699
2,1,2,2,0.87722,0.6605,0.2695,0.3765,0.41581,6.056,-3.8349,1,0.78755,0.85867,0.2275,0.87336,0.82301,0.94567,0.81472,1.2084
2,1,2,2,0.91644,0.6565,0.3005,0.3585,0.44789,6.0931,-3.8222,1,0.76294,0.88392,0.17613,0.89764,0.87503,0.93645,0.8561,1.2677
2,1,2,2,0.91889,0.5925,0.276,0.319,0.46562,6.7511,-4.1216,1,0.83189,0.88069,0.20967,0.88629,0.88283,0.92004,0.84916,1.1656
2,1,2,3,0.86486,0.179,0.1005,0.089,0.54322,14.523,-12.652,1,2.8076,0.77189,0.21405,0.75453,0.81266,0.87501,0.76792,0.73263
2,1,2,3,0.87815,0.2095,0.115,0.1035,0.52553,12.408,-11.634,1,2.3438,0.81039,0.088399,0.81039,0.84523,0.87501,0.77189,0.3405
2,1,2,3,0.90917,0.173,0.104,0.0855,0.55241,15.026,-14.346,1,2.9297,0.87288,0.082219,0.85512,0.81266,0.87501,0.88325,0.30299
2,1,3,1,0.81143,1.493,0.439,1.064,0.28921,3.5646,-1.6891,0.034999,0.32106,0.75657,0.40507,0.90591,0.72618,0.92483,0.68487,1.6646
2,1,3,1,0.79336,1.105,0.3355,0.7565,0.30806,4.8162,-2.3144,0.033753,0.44222,0.75657,0.35529,0.87987,0.72955,0.91361,0.67293,1.5708
2,1,3,1,0.87606,1.102,0.36,0.736,0.34071,4.8293,-2.3237,0.083768,0.44582,0.8371,0.33998,0.94549,0.80328,0.94197,0.75844,2.0219
2,1,3,2,0.91049,0.571,0.256,0.323,0.42233,7.0053,-4.4733,1,0.86388,0.90422,0.23611,0.89578,0.89599,0.95469,0.84858,1.1907
2,1,3,2,0.86383,0.705,0.298,0.41,0.42526,5.6738,-3.625,1,0.68063,0.87143,0.21866,0.89079,0.84146,0.92466,0.8319,1.2018
2,1,3,2,0.95273,0.6225,0.2835,0.347,0.44557,6.4257,-4.0503,1,0.8138,0.92509,0.21884,0.93892,0.93077,0.95703,0.88434,1.3775
2,1,3,3,0.83132,0.173,0.104,0.0965,0.54384,15.026,-13.728,1,2.9297,0.8244,0.21617,0.87121,0.81266,0.87501,0.78708,1.486
2,1,3,3,0.86478,0.2385,0.1325,0.115,0.5354,10.899,-10.317,1,2.1307,0.88231,0.11458,0.87289,0.90624,0.83911,0.88676,0.47572
2,1,3,3,0.859,0.177,0.1025,0.086,0.56424,14.686,-13.223,1,2.8076,0.81274,0.21281,0.77267,0.91091,0.87318,0.81162,0.17818
2,4,1,1,0.79413,0.875,0.298,0.6025,0.33495,6.0824,-2.935,0.11399,0.55804,0.75378,0.33889,0.89128,0.72441,0.89341,0.67821,1.4833
2,4,1,1,0.90714,0.879,0.289,0.59,0.32953,6.0545,-2.9072,0.14871,0.55804,0.86453,0.29441,0.95275,0.83109,0.95712,0.7621,1.5107
2,4,1,1,0.84804,0.9335,0.2905,0.6455,0.30931,5.701,-2.7709,0.14424,0.54253,0.81921,0.30861,0.93565,0.76895,0.92425,0.7541,1.4843
2,4,1,2,0.91715,0.551,0.243,0.313,0.43825,7.2595,-4.4432,1,0.89844,0.85892,0.19676,0.90621,0.87863,0.85533,0.80433,1.3095
2,4,1,2,0.87862,0.5555,0.2415,0.3225,0.42529,7.2009,-4.4576,0.51134,0.90422,0.86595,0.17382,0.91622,0.85958,0.88563,0.8144,1.1636
2,4,1,2,0.84069,0.574,0.256,0.32,0.44905,6.9686,-4.4326,1,0.86806,0.87273,0.19468,0.91744,0.88594,0.87314,0.84008,1.2154
2,4,1,3,0.70237,0.331,0.155,0.181,0.48346,7.8534,-7.3592,1,1.3428,0.73525,0.17207,0.74038,0.7907,0.73795,0.6994,0.91507
2,4,1,3,0.78167,0.2845,0.14,0.148,0.50215,9.137,-8.0573,1,1.7439,0.77372,0.1633,0.78897,0.84162,0.76549,0.73762,0.81694
2,4,1,3,0.72838,0.289,0.141,0.1395,0.4986,8.9947,-8.0311,1,1.7278,0.70431,0.14258,0.76358,0.81266,0.64685,0.69896,0.7525
2,4,2,1,0.65306,1.0225,0.347,0.6575,0.34424,5.2048,-2.5019,0.10962,0.48828,0.65963,0.31288,0.76771,0.61756,0.74211,0.62239,2.2127
2,4,2,1,0.80314,0.9665,0.3015,0.6505,0.32286,5.5065,-2.659,0.10673,0.53478,0.75821,0.32888,0.92788,0.75412,0.87151,0.65663,1.5175
2,4,2,1,0.8049,0.985,0.3075,0.6835,0.3115,5.4031,-2.632,0.11113,0.48828,0.76551,0.32401,0.92356,0.75671,0.89646,0.66792,1.3346
2,4,2,2,0.86181,0.617,0.274,0.351,0.44231,6.483,-4.0891,0.29053,0.78125,0.86762,0.20433,0.92706,0.88448,0.86476,0.77731,1.0527
2,4,2,2,0.8867,0.5875,0.261,0.3305,0.43762,6.8085,-4.2674,1,0.84186,0.88047,0.21899,0.93122,0.90027,0.88285,0.80935,1.2118
2,4,2,2,0.88445,0.595,0.2735,0.3335,0.45082,6.7228,-4.3304,1,0.84186,0.903,0.24972,0.94548,0.93369,0.89091,0.82329,1.2907
2,4,2,3,0.82305,0.275,0.132,0.1455,0.48133,9.4527,-8.9761,1,1.878,0.82787,0.16033,0.83546,0.8869,0.84893,0.80071,0.74247
2,4,2,3,0.79809,0.2465,0.117,0.1275,0.48153,10.546,-9.8457,1,2.0419,0.7884,0.14672,0.86627,0.81266,0.7873,0.76491,0.3943
2,4,2,3,0.85201,0.256,0.127,0.134,0.49434,10.154,-9.1975,1,1.9531,0.8173,0.12731,0.83787,0.92911,0.84305,0.76614,0.66978
2,4,3,1,0.87672,1.019,0.318,0.708,0.32329,5.2227,-2.5091,0.078485,0.48828,0.85412,0.31494,0.96909,0.85828,0.91475,0.67395,1.5708
2,4,3,1,0.87951,0.986,0.3245,0.6735,0.31922,5.3987,-2.6006,0.14674,0.50863,0.85725,0.357,0.98425,0.8619,0.92996,0.70095,1.5708
2,4,3,1,0.86203,0.989,0.2785,0.7005,0.28707,5.3814,-2.6072,0.11798,0.52401,0.82957,0.36453,0.9713,0.83932,0.90705,0.64676,1.5708
2,4,3,2,0.85578,0.5785,0.259,0.324,0.4463,6.9144,-4.2957,1,0.86806,0.85926,0.19075,0.90644,0.88312,0.85616,0.80531,1.4079
2,4,3,2,0.87666,0.5255,0.236,0.2855,0.45495,7.6119,-4.8086,1,0.97656,0.88556,0.20071,0.92251,0.90414,0.89311,0.82857,1.3147
2,4,3,2,0.88592,0.4725,0.22,0.2555,0.45792,8.4656,-5.3576,1,1.0615,0.88724,0.15152,0.90748,0.89282,0.89577,0.85777,1.1135
2,4,3,3,0.85477,0.2895,0.145,0.152,0.48864,8.9792,-8.0963,1,1.6044,0.83209,0.16955,0.7955,0.84746,0.84716,0.78867,1.1246
2,4,3,3,0.82226,0.238,0.119,0.1245,0.48183,10.922,-10.588,1,2.1307,0.83169,0.15967,0.854,0.93575,0.86948,0.8136,0.71575
2,4,3,3,0.87417,0.205,0.101,0.103,0.50121,12.68,-12.108,1,2.3872,0.87605,0.14727,0.94167,0.90851,0.86631,0.87534,0.68156
2,5,1,1,0.80328,1.284,0.432,0.806,0.3476,4.1448,-1.9654,0.097946,0.37977,0.76169,0.30262,0.88527,0.65825,0.90133,0.6919,3.1416
2,5,1,1,0.76669,1.3125,0.4435,0.86,0.34205,4.0548,-1.9718,0.086818,0.37202,0.78763,0.29596,0.89069,0.73303,0.88032,0.7194,2.0269
2,5,1,1,0.88546,1.2265,0.427,0.786,0.34839,4.3391,-2.0939,0.081645,0.41316,0.84233,0.28706,0.95242,0.78114,0.93451,0.7851,3.1416
2,5,1,2,0.82752,0.8375,0.327,0.489,0.4199,4.7761,-2.7565,0.22656,0.61928,0.75474,0.22139,0.80437,0.69299,0.83496,0.70649,3.1416
2,5,1,2,0.82539,0.791,0.311,0.477,0.40351,5.0569,-3.0485,0.293,0.65984,0.79512,0.24178,0.8321,0.75877,0.85836,0.74572,3.1416
2,5,1,2,0.84213,0.9465,0.3435,0.5675,0.37848,4.2261,-2.5481,0.092471,0.55197,0.78803,0.23404,0.86343,0.73863,0.87039,0.70917,3.1416
2,5,1,3,0.88253,0.504,0.253,0.259,0.49031,5.1577,-4.7842,1,0.97656,0.84647,0.15429,0.8715,0.86169,0.84402,0.82794,1.1022
2,5,1,3,0.87236,0.496,0.2375,0.259,0.49092,5.2409,-4.9778,1,0.97656,0.87284,0.15557,0.87382,0.89788,0.8734,0.83855,1.0922
2,5,1,3,0.8755,0.499,0.243,0.261,0.48294,5.2094,-4.8492,1,0.97656,0.85742,0.15066,0.8464,0.87953,0.87155,0.814,1.1467
2,5,2,1,0.75432,1.082,0.4115,0.653,0.39924,4.9186,-2.3473,0.10935,0.47871,0.74885,0.25121,0.81863,0.73686,0.82959,0.69428,3.1416
2,5,2,1,0.84686,1.1015,0.3755,0.729,0.33835,4.8315,-2.2249,0.079603,0.45211,0.79403,0.27796,0.85628,0.70624,0.90829,0.74253,1.5267
2,5,2,1,0.8659,1.004,0.368,0.6305,0.36761,5.3007,-2.5482,0.093203,0.51818,0.83724,0.25387,0.89188,0.79558,0.93497,0.76806,1.5157
2,5,2,2,0.7879,0.554,0.268,0.277,0.49362,7.2202,-4.5231,0.73517,0.89844,0.80832,0.16786,0.81376,0.79232,0.82252,0.8002,1.1075
2,5,2,2,0.92088,0.571,0.268,0.309,0.46447,7.0053,-4.4463,0.70797,0.86388,0.90025,0.18919,0.89065,0.88737,0.94172,0.87367,1.2614
2,5,2,2,0.9279,0.4905,0.2295,0.262,0.46702,8.155,-5.1664,1,1.0173,0.91834,0.16309,0.9322,0.92583,0.92488,0.88446,1.2265
2,5,2,3,0.87022,0.301,0.154,0.1455,0.50654,8.6361,-8.3004,1,1.6741,0.87082,0.1032,0.83704,0.92651,0.87982,0.82723,0.89226
2,5,2,3,0.84749,0.28,0.142,0.135,0.50179,9.2838,-8.6961,1,1.8029,0.83392,0.1386,0.79708,0.88501,0.85487,0.80689,0.64381
2,5,2,3,0.82948,0.272,0.138,0.132,0.51656,9.5568,-9.0523,1,1.878,0.82116,0.15034,0.81233,0.88868,0.84594,0.80277,1.0466
2,5,3,1,0.85756,0.846,0.342,0.513,0.4078,6.2907,-3.0334,0.10003,0.57706,0.85085,0.22704,0.88899,0.81733,0.92302,0.80574,1.5104
2,5,3,1,0.8979,0.7335,0.314,0.42,0.43261,7.2555,-3.4987,0.10881,0.67817,0.86829,0.21532,0.89152,0.84834,0.93206,0.83115,1.5258
2,5,3,1,0.83866,0.732,0.32,0.408,0.43984,7.2704,-3.4811,0.09853,0.67817,0.83766,0.22317,0.84692,0.81587,0.8963,0.80408,1.3756
2,5,3,2,0.87229,0.438,0.211,0.227,0.49412,9.1324,-5.6868,1,1.2091,0.87254,0.17706,0.86085,0.88841,0.88306,0.83765,1.1529
2,5,3,2,0.87287,0.4,0.197,0.199,0.49874,10,-6.1407,1,1.2336,0.86197,0.15682,0.84229,0.88607,0.86392,0.83906,0.95053
2,5,3,2,0.92124,0.391,0.198,0.192,0.51297,10.23,-6.5227,1,1.3021,0.92144,0.14735,0.90045,0.93921,0.91914,0.90411,1.1129
2,5,3,3,0.84962,0.2915,0.145,0.146,0.49483,8.9176,-8.1423,1,1.7439,0.85576,0.14817,0.79217,0.93788,0.85371,0.75883,1.038
2,5,3,3,0.87594,0.287,0.142,0.142,0.5,9.0574,-8.5333,1,1.7278,0.86166,0.14368,0.83214,0.9284,0.87288,0.78949,0.64055
2,5,3,3,0.86972,0.278,0.1435,0.14,0.50703,9.3506,-8.8498,1,1.8029,0.87373,0.12699,0.83889,0.94027,0.87912,0.79501,0.72152
2,7,1,1,0.79243,1.33,0.436,0.9,0.32768,4.0014,-1.9364,0.089068,0.36621,0.78814,0.34716,0.96877,0.76451,0.88425,0.66194,2.3437
2,7,1,1,0.70763,1.301,0.452,0.8235,0.35506,4.0907,-1.9449,0.086204,0.37802,0.72848,0.30436,0.83972,0.69738,0.77762,0.62402,3.0258
2,7,1,1,0.8761,1.158,0.407,0.739,0.36364,4.5958,-2.2221,0.13067,0.44222,0.85772,0.28727,0.93925,0.81865,0.91689,0.79738,2.1998
2,7,1,2,0.82676,0.9,0.337,0.5805,0.38293,4.4444,-2.8013,0.18262,0.53478,0.82851,0.23194,0.92787,0.82229,0.86331,0.74168,1.3354
2,7,1,2,0.84153,0.799,0.335,0.467,0.42674,5.0063,-3.0848,0.58297,0.58594,0.83908,0.18244,0.90198,0.81015,0.83722,0.79122,3.1416
2,7,1,2,0.80315,0.693,0.307,0.351,0.4658,5.7732,-3.6514,1,0.71023,0.83942,0.17115,0.88999,0.85967,0.84885,0.79322,1.1
2,7,1,3,0.7468,0.373,0.1785,0.1955,0.49326,6.9695,-6.6302,1,1.0794,0.81311,0.15932,0.79436,0.86354,0.83788,0.7803,0.81795
2,7,1,3,0.79122,0.3145,0.163,0.151,0.5215,8.2654,-7.8478,1,1.4974,0.81138,0.11661,0.8012,0.89775,0.78546,0.80332,0.62988
2,7,1,3,0.86755,0.2575,0.1395,0.1255,0.54479,10.095,-9.5154,1,2.0282,0.86444,0.089079,0.87912,0.87595,0.77478,0.87401,0.63767
2,7,2,1,0.89617,1.2885,0.453,0.832,0.36189,4.1303,-1.9799,0.12975,0.38752,0.84595,0.32719,0.93317,0.79349,0.94731,0.78555,2.0313
2,7,2,1,0.90212,1.28,0.462,0.817,0.36923,4.1578,-2.0149,0.11825,0.39063,0.86031,0.29944,0.94071,0.79769,0.9398,0.81762,1.5363
2,7,2,1,0.90305,0.9915,0.379,0.5945,0.39391,5.3676,-2.5894,0.19271,0.52897,0.87219,0.29808,0.94027,0.82356,0.92352,0.81086,1.489
2,7,2,2,0.84238,0.498,0.244,0.255,0.47362,8.0337,-5.0488,1,0.97656,0.87932,0.15577,0.88664,0.89873,0.8623,0.81383,1.1821
2,7,2,2,0.73304,0.477,0.23,0.232,0.48737,8.3857,-5.0515,1,1.2429,0.71674,0.2303,0.72262,0.65633,0.76339,0.71213,1.3785
2,7,2,2,0.8828,0.455,0.235,0.23,0.50216,8.7912,-5.2832,1,1.1097,0.85525,0.14761,0.86351,0.89439,0.81217,0.82527,1.1314
2,7,2,3,0.90745,0.3095,0.154,0.15,0.49916,8.3989,-7.5849,1,1.6044,0.90073,0.15474,0.86067,0.96222,0.89788,0.82055,0.78359
2,7,2,3,0.78978,0.184,0.0985,0.0885,0.53501,14.128,-12.873,1,2.6042,0.71615,0.036296,0.71613,0.81266,0.87501,0.71036,0.056313
2,7,2,3,0.88363,0.2435,0.128,0.116,0.52917,10.675,-9.8893,1,2.0419,0.88071,0.14195,0.82569,0.92556,0.87433,0.83038,0.84981
2,7,3,1,0.79415,1.203,0.4535,0.7175,0.38714,4.4239,-2.1408,0.11758,0.42093,0.80426,0.24574,0.84119,0.75062,0.87985,0.76315,2.3389
2,7,3,1,0.77091,1.1295,0.4255,0.711,0.38079,4.7118,-2.2647,0.078574,0.41853,0.79746,0.25044,0.87446,0.73918,0.84953,0.73985,1.6949
2,7,3,1,0.87817,1.1185,0.438,0.681,0.39006,4.7581,-2.3011,0.17572,0.43846,0.8665,0.26633,0.91423,0.80416,0.92493,0.83739,1.5708
2,7,3,2,0.88603,0.576,0.29,0.2925,0.49442,6.9445,-4.3487,1,0.83189,0.87625,0.15205,0.86879,0.87844,0.87764,0.88578,1.1745
2,7,3,2,0.7804,0.4615,0.228,0.2275,0.50612,8.6674,-5.4632,1,1.021,0.81159,0.16409,0.7837,0.84556,0.83632,0.83379,1.0791
2,7,3,2,0.93649,0.439,0.2175,0.2235,0.49417,9.1117,-5.8451,1,1.1719,0.91999,0.1484,0.90643,0.91652,0.9253,0.91504,1.0315
2,7,3,3,0.92064,0.273,0.138,0.138,0.49813,9.5218,-9.0697,1,1.878,0.91378,0.10214,0.87592,0.9369,0.9275,0.87286,0.80133
2,7,3,3,0.77746,0.2775,0.1345,0.137,0.50275,9.3677,-8.7646,1,1.709,0.78828,0.14609,0.7672,0.82999,0.80344,0.75365,0.69997
2,7,3,3,0.86574,0.1545,0.082,0.072,0.54616,16.825,-14.624,1,3.2087,0.82385,0.17223,0.9122,0.91676,0.87501,0.80337,0.44896
2,10,1,1,0.78621,1.1145,0.428,0.687,0.39059,4.7752,-2.2862,0.086421,0.42969,0.80752,0.29041,0.88551,0.74883,0.88578,0.7485,1.4797
2,10,1,1,0.80872,1.1365,0.461,0.6725,0.40859,4.6828,-2.1875,0.10962,0.42832,0.80729,0.24996,0.90388,0.7898,0.85737,0.72101,3.1416
2,10,1,1,0.76439,1.334,0.4355,0.8475,0.35024,3.9895,-1.91,0.040571,0.37042,0.74698,0.30118,0.92074,0.75966,0.81248,0.64016,1.7201
2,10,1,2,0.78405,0.888,0.394,0.504,0.44557,4.5046,-2.6978,0.15143,0.50951,0.79567,0.25374,0.89031,0.78605,0.76703,0.7124,3.1416
2,10,1,2,0.87352,0.774,0.336,0.42,0.44312,5.168,-3.1592,0.23897,0.65104,0.86229,0.2038,0.93023,0.85379,0.853,0.80949,1.3246
2,10,1,2,0.83413,0.6605,0.3095,0.346,0.48505,6.0561,-3.8058,0.39439,0.76294,0.84421,0.17659,0.8742,0.8513,0.83808,0.7931,1.1782
2,10,1,3,0.86485,0.6105,0.294,0.312,0.48945,4.2579,-4.0776,1,0.84186,0.8696,0.15787,0.92156,0.85871,0.82914,0.85526,1.1148
2,10,1,3,0.83529,0.593,0.285,0.301,0.48502,4.3836,-4.0226,1,0.83705,0.81857,0.1758,0.84357,0.82576,0.80514,0.80234,1.1072
2,10,1,3,0.84656,0.623,0.2965,0.3415,0.46024,4.1725,-4.0492,1,0.78755,0.85763,0.16866,0.89751,0.88,0.84954,0.808,1.205
2,10,2,1,0.60432,1.228,0.3985,0.8245,0.31573,4.3338,-2.0873,0.049725,0.40537,0.64947,0.4148,0.73905,0.56662,0.7508,0.60162,1.5708
2,10,2,1,0.78512,1.298,0.444,0.886,0.32985,4.1001,-1.9834,0.051776,0.37692,0.77206,0.32725,0.90542,0.70704,0.8835,0.69891,1.6745
2,10,2,1,0.85862,1.187,0.425,0.748,0.35078,4.4835,-2.1724,0.043431,0.41316,0.80366,0.31218,0.94422,0.76394,0.92501,0.73974,1.7625
2,10,2,2,0.88614,0.8005,0.315,0.478,0.39469,4.9969,-3.1698,0.21051,0.626,0.85893,0.25916,0.90486,0.81233,0.91416,0.81245,1.5708
2,10,2,2,0.94782,0.8,0.331,0.481,0.40583,5,-3.1232,0.37558,0.61384,0.89826,0.27348,0.93091,0.84374,0.94801,0.85798,1.321
2,10,2,2,0.91553,0.712,0.3175,0.4065,0.43579,5.618,-3.5514,0.33657,0.69754,0.88391,0.22732,0.90883,0.84946,0.94351,0.86296,3.1416
2,10,2,3,0.8564,0.5145,0.238,0.2775,0.46509,5.0524,-4.8504,1,1.0173,0.86146,0.13722,0.88167,0.86134,0.85029,0.84478,1.2085
2,10,2,3,0.86787,0.5465,0.2545,0.295,0.46189,4.7566,-4.5432,1,0.90144,0.86399,0.1782,0.88831,0.82415,0.87689,0.87372,1.144
2,10,2,3,0.92346,0.5045,0.226,0.2795,0.44765,5.1526,-4.8659,1,1.0173,0.88913,0.15871,0.92707,0.84567,0.90619,0.86861,1.1044
2,10,3,1,0.78786,1.003,0.302,0.713,0.30415,5.306,-2.4879,0.027681,0.46503,0.65483,0.36455,0.90438,0.64363,0.8795,0.60843,2.4495
2,10,3,1,0.83299,1.049,0.276,0.759,0.27636,5.0733,-2.3913,0.019887,0.48828,0.67988,0.36772,0.94208,0.63404,0.95129,0.6455,1.6486
2,10,3,1,0.80912,0.9485,0.2785,0.6755,0.29282,5.6109,-2.6777,0.024438,0.50019,0.71187,0.39912,0.91145,0.64373,0.91909,0.6707,3.1416
2,10,3,2,0.85774,0.6165,0.254,0.361,0.41382,6.4882,-4.1342,0.26282,0.79572,0.84463,0.22843,0.88125,0.78018,0.9,0.81219,1.2555
2,10,3,2,0.86042,0.605,0.2535,0.3545,0.41679,6.6116,-4.1597,0.35156,0.80819,0.84202,0.18967,0.87342,0.79309,0.90232,0.82368,1.3783
2,10,3,2,0.89825,0.604,0.242,0.3615,0.40048,6.6225,-4.1841,0.56998,0.84186,0.86296,0.27936,0.91381,0.8259,0.9445,0.82469,1.2607
2,10,3,3,0.93142,0.483,0.208,0.276,0.43048,5.3819,-4.8944,1,1.019,0.87882,0.15168,0.91216,0.85164,0.90262,0.82627,1.0111
2,10,3,3,0.94351,0.465,0.2,0.262,0.43197,5.5902,-5.3278,1,1.1097,0.88164,0.18336,0.94234,0.84733,0.93632,0.85023,0.95493
2,10,3,3,0.9495,0.484,0.21,0.274,0.43659,5.3708,-5.1411,1,1.019,0.90592,0.18586,0.94508,0.86851,0.93229,0.86908,1.1105
