group , participant , session , IDRight , IDLeft , hand , value
1,2,1,1,1,1,1.211
1,2,1,1,1,1,1.1064
1,2,1,1,1,1,1.2194
1,2,1,1,1,2,1.3349
1,2,1,1,1,2,1.2704
1,2,1,1,1,2,1.4335
1,2,1,1,2,1,1.4395
1,2,1,1,2,1,1.4233
1,2,1,1,2,1,1.2397
1,2,1,1,2,2,1.3071
1,2,1,1,2,2,1.3197
1,2,1,1,2,2,1.4261
1,2,1,2,1,1,1.1929
1,2,1,2,1,1,1.2438
1,2,1,2,1,1,1.2461
1,2,1,2,1,2,1.3583
1,2,1,2,1,2,1.7269
1,2,1,2,1,2,1.3519
1,2,1,2,2,1,1.752
1,2,1,2,2,1,1.5927
1,2,1,2,2,1,1.2116
1,2,1,2,2,2,1.4455
1,2,1,2,2,2,1.3768
1,2,1,2,2,2,1.1638
1,2,1,3,1,1,1.1718
1,2,1,3,1,1,1.1948
1,2,1,3,1,1,1.333
1,2,1,3,1,2,1.3286
1,2,1,3,1,2,1.5873
1,2,1,3,1,2,1.4986
1,2,1,3,2,1,1.198
1,2,1,3,2,1,1.1913
1,2,1,3,2,1,1.0802
1,2,1,3,2,2,1.2796
1,2,1,3,2,2,1.1708
1,2,1,3,2,2,1.1878
1,2,4,1,1,1,1.1512
1,2,4,1,1,1,1.1643
1,2,4,1,1,1,1.3068
1,2,4,1,1,2,1.2787
1,2,4,1,1,2,1.5498
1,2,4,1,1,2,1.5177
1,2,4,1,2,1,1.2155
1,2,4,1,2,1,1.4958
1,2,4,1,2,1,1.223
1,2,4,1,2,2,1.3584
1,2,4,1,2,2,1.643
1,2,4,1,2,2,1.3762
1,2,4,2,1,1,1.2005
1,2,4,2,1,1,1.4132
1,2,4,2,1,1,1.2859
1,2,4,2,1,2,1.4898
1,2,4,2,1,2,1.4942
1,2,4,2,1,2,1.3872
1,2,4,2,2,1,0.94568
1,2,4,2,2,1,0.88295
1,2,4,2,2,1,0.95154
1,2,4,2,2,2,1.0639
1,2,4,2,2,2,0.98121
1,2,4,2,2,2,0.96966
1,2,4,3,1,1,1.7074
1,2,4,3,1,1,1.6646
1,2,4,3,1,1,1.525
1,2,4,3,1,2,1.7216
1,2,4,3,1,2,1.5226
1,2,4,3,1,2,1.6318
1,2,4,3,2,1,0.98959
1,2,4,3,2,1,0.93709
1,2,4,3,2,1,0.9918
1,2,4,3,2,2,1.0766
1,2,4,3,2,2,0.97778
1,2,4,3,2,2,1.0906
1,2,7,1,1,1,1.145
1,2,7,1,1,1,1.1461
1,2,7,1,1,1,1.292
1,2,7,1,1,2,1.4064
1,2,7,1,1,2,1.2845
1,2,7,1,1,2,1.4011
1,2,7,1,2,1,1.4026
1,2,7,1,2,1,1.1949
1,2,7,1,2,1,1.2908
1,2,7,1,2,2,1.3752
1,2,7,1,2,2,1.2984
1,2,7,1,2,2,1.3656
1,2,7,2,1,1,1.4474
1,2,7,2,1,1,1.3708
1,2,7,2,1,1,1.5779
1,2,7,2,1,2,1.6335
1,2,7,2,1,2,1.634
1,2,7,2,1,2,1.6889
1,2,7,2,2,1,1.11
1,2,7,2,2,1,1.0782
1,2,7,2,2,1,1.0525
1,2,7,2,2,2,1.1095
1,2,7,2,2,2,1.0537
1,2,7,2,2,2,1.0581
1,2,7,3,1,1,1.5703
1,2,7,3,1,1,1.4582
1,2,7,3,1,1,1.524
1,2,7,3,1,2,1.6477
1,2,7,3,1,2,1.7296
1,2,7,3,1,2,1.9666
1,2,7,3,2,1,0.88778
1,2,7,3,2,1,0.9143
1,2,7,3,2,1,0.94307
1,2,7,3,2,2,0.95248
1,2,7,3,2,2,0.973
1,2,7,3,2,2,0.9599
1,3,1,1,1,1,1.0587
1,3,1,1,1,1,1.1335
1,3,1,1,1,1,1.1103
1,3,1,1,1,2,1.0229
1,3,1,1,1,2,1.0395
1,3,1,1,1,2,1.0138
1,3,1,1,2,1,1.0956
1,3,1,1,2,1,1.1463
1,3,1,1,2,1,1.0867
1,3,1,1,2,2,0.96682
1,3,1,1,2,2,1.1124
1,3,1,1,2,2,1.0199
1,3,1,2,1,1,1.1563
1,3,1,2,1,1,1.0613
1,3,1,2,1,1,1.1045
1,3,1,2,1,2,1.0653
1,3,1,2,1,2,1.0436
1,3,1,2,1,2,1.0568
1,3,1,2,2,1,1.0869
1,3,1,2,2,1,1.1016
1,3,1,2,2,1,1.122
1,3,1,2,2,2,1.0467
1,3,1,2,2,2,1.0867
1,3,1,2,2,2,1.0562
1,3,1,3,1,1,1.0736
1,3,1,3,1,1,1.1493
1,3,1,3,1,1,1.2207
1,3,1,3,1,2,1.061
1,3,1,3,1,2,0.99656
1,3,1,3,1,2,1.1702
1,3,1,3,2,1,1.0599
1,3,1,3,2,1,0.91654
1,3,1,3,2,1,0.90113
1,3,1,3,2,2,0.98006
1,3,1,3,2,2,0.98586
1,3,1,3,2,2,0.83422
1,3,4,1,1,1,1.0408
1,3,4,1,1,1,1.0403
1,3,4,1,1,1,0.98978
1,3,4,1,1,2,1.0027
1,3,4,1,1,2,1.0189
1,3,4,1,1,2,1.1111
1,3,4,1,2,1,1.0934
1,3,4,1,2,1,1.1895
1,3,4,1,2,1,1.0639
1,3,4,1,2,2,1.0666
1,3,4,1,2,2,1.0912
1,3,4,1,2,2,1.0801
1,3,4,2,1,1,1.1433
1,3,4,2,1,1,1.1577
1,3,4,2,1,1,0.95228
1,3,4,2,1,2,1.069
1,3,4,2,1,2,1.0822
1,3,4,2,1,2,1.0989
1,3,4,2,2,1,1.0115
1,3,4,2,2,1,1.0973
1,3,4,2,2,1,1.0005
1,3,4,2,2,2,1.0372
1,3,4,2,2,2,1.0845
1,3,4,2,2,2,1.1007
1,3,4,3,1,1,1.0149
1,3,4,3,1,1,1.0457
1,3,4,3,1,1,0.99527
1,3,4,3,1,2,1.0192
1,3,4,3,1,2,0.98655
1,3,4,3,1,2,1.0584
1,3,4,3,2,1,0.90124
1,3,4,3,2,1,0.85657
1,3,4,3,2,1,0.85715
1,3,4,3,2,2,0.91428
1,3,4,3,2,2,0.98476
1,3,4,3,2,2,0.96125
1,3,7,1,1,1,0.99581
1,3,7,1,1,1,1.015
1,3,7,1,1,1,1.0817
1,3,7,1,1,2,0.98836
1,3,7,1,1,2,1.0167
1,3,7,1,1,2,0.99993
1,3,7,1,2,1,0.99798
1,3,7,1,2,1,1.0634
1,3,7,1,2,1,1.0617
1,3,7,1,2,2,1.0634
1,3,7,1,2,2,0.98367
1,3,7,1,2,2,1.0551
1,3,7,2,1,1,1.136
1,3,7,2,1,1,1.1106
1,3,7,2,1,1,1.1032
1,3,7,2,1,2,1.0474
1,3,7,2,1,2,1.0362
1,3,7,2,1,2,0.94808
1,3,7,2,2,1,1.0087
1,3,7,2,2,1,1.0518
1,3,7,2,2,1,1.0253
1,3,7,2,2,2,1.0339
1,3,7,2,2,2,0.95921
1,3,7,2,2,2,1.0099
1,3,7,3,1,1,1.0352
1,3,7,3,1,1,1.063
1,3,7,3,1,1,1.0121
1,3,7,3,1,2,0.92345
1,3,7,3,1,2,1.0321
1,3,7,3,1,2,0.96212
1,3,7,3,2,1,0.78655
1,3,7,3,2,1,0.75089
1,3,7,3,2,1,0.75286
1,3,7,3,2,2,0.86177
1,3,7,3,2,2,0.81883
1,3,7,3,2,2,0.77555
1,6,1,1,1,1,1.0174
1,6,1,1,1,1,1.018
1,6,1,1,1,1,1.0907
1,6,1,1,1,2,1.1307
1,6,1,1,1,2,1.0952
1,6,1,1,1,2,1.2538
1,6,1,1,2,1,1.1828
1,6,1,1,2,1,1.2085
1,6,1,1,2,1,1.1498
1,6,1,1,2,2,1.2145
1,6,1,1,2,2,1.3339
1,6,1,1,2,2,1.1342
1,6,1,2,1,1,1.1578
1,6,1,2,1,1,1.0229
1,6,1,2,1,1,1.0471
1,6,1,2,1,2,1.2697
1,6,1,2,1,2,1.1531
1,6,1,2,1,2,1.2151
1,6,1,2,2,1,1.0458
1,6,1,2,2,1,1.1432
1,6,1,2,2,1,1.1084
1,6,1,2,2,2,1.2387
1,6,1,2,2,2,1.3384
1,6,1,2,2,2,1.2891
1,6,1,3,1,1,1.1312
1,6,1,3,1,1,1.1192
1,6,1,3,1,1,1.0321
1,6,1,3,1,2,1.179
1,6,1,3,1,2,1.218
1,6,1,3,1,2,1.1263
1,6,1,3,2,1,1.0782
1,6,1,3,2,1,1.1636
1,6,1,3,2,1,1.0814
1,6,1,3,2,2,1.1432
1,6,1,3,2,2,1.3786
1,6,1,3,2,2,1.2633
1,6,4,1,1,1,1.0986
1,6,4,1,1,1,1.1204
1,6,4,1,1,1,1.0641
1,6,4,1,1,2,1.1342
1,6,4,1,1,2,1.1427
1,6,4,1,1,2,1.2095
1,6,4,1,2,1,1.2138
1,6,4,1,2,1,1.191
1,6,4,1,2,1,1.2756
1,6,4,1,2,2,1.2167
1,6,4,1,2,2,1.1335
1,6,4,1,2,2,1.1309
1,6,4,2,1,1,1.0881
1,6,4,2,1,1,1.1382
1,6,4,2,1,1,1.1055
1,6,4,2,1,2,1.1794
1,6,4,2,1,2,1.0734
1,6,4,2,1,2,1.2094
1,6,4,2,2,1,1.2251
1,6,4,2,2,1,1.2591
1,6,4,2,2,1,1.1646
1,6,4,2,2,2,1.1648
1,6,4,2,2,2,1.1275
1,6,4,2,2,2,1.0786
1,6,4,3,1,1,1.0789
1,6,4,3,1,1,1.1224
1,6,4,3,1,1,1.1873
1,6,4,3,1,2,1.0648
1,6,4,3,1,2,1.1252
1,6,4,3,1,2,1.2108
1,6,4,3,2,1,1.2088
1,6,4,3,2,1,1.1518
1,6,4,3,2,1,1.1982
1,6,4,3,2,2,1.1069
1,6,4,3,2,2,1.0748
1,6,4,3,2,2,1.1288
1,6,7,1,1,1,1.1102
1,6,7,1,1,1,1.0846
1,6,7,1,1,1,1.0604
1,6,7,1,1,2,1.0876
1,6,7,1,1,2,1.2117
1,6,7,1,1,2,1.1096
1,6,7,1,2,1,1.1309
1,6,7,1,2,1,1.1756
1,6,7,1,2,1,1.178
1,6,7,1,2,2,1.1295
1,6,7,1,2,2,1.1308
1,6,7,1,2,2,1.133
1,6,7,2,1,1,1.0524
1,6,7,2,1,1,1.0503
1,6,7,2,1,1,1.063
1,6,7,2,1,2,1.0982
1,6,7,2,1,2,1.1062
1,6,7,2,1,2,1.2125
1,6,7,2,2,1,1.2952
1,6,7,2,2,1,1.2785
1,6,7,2,2,1,1.2668
1,6,7,2,2,2,1.1295
1,6,7,2,2,2,1.1253
1,6,7,2,2,2,1.0708
1,6,7,3,1,1,1.0791
1,6,7,3,1,1,1.0411
1,6,7,3,1,1,1.0747
1,6,7,3,1,2,1.1454
1,6,7,3,1,2,1.1331
1,6,7,3,1,2,1.0749
1,6,7,3,2,1,1.219
1,6,7,3,2,1,1.2552
1,6,7,3,2,1,1.1682
1,6,7,3,2,2,1.1973
1,6,7,3,2,2,1.1
1,6,7,3,2,2,1.1037
1,8,1,1,1,1,1.0704
1,8,1,1,1,1,1.105
1,8,1,1,1,1,1.066
1,8,1,1,1,2,1.2973
1,8,1,1,1,2,1.3494
1,8,1,1,1,2,1.2305
1,8,1,1,2,1,1.1429
1,8,1,1,2,1,1.1263
1,8,1,1,2,1,1.1791
1,8,1,1,2,2,1.3075
1,8,1,1,2,2,1.4284
1,8,1,1,2,2,1.3684
1,8,1,2,1,1,1.0167
1,8,1,2,1,1,1.1112
1,8,1,2,1,1,1.1958
1,8,1,2,1,2,1.2388
1,8,1,2,1,2,1.2329
1,8,1,2,1,2,1.4331
1,8,1,2,2,1,1.1461
1,8,1,2,2,1,1.2789
1,8,1,2,2,1,1.244
1,8,1,2,2,2,1.396
1,8,1,2,2,2,1.5158
1,8,1,2,2,2,1.4709
1,8,1,3,1,1,1.2345
1,8,1,3,1,1,1.2781
1,8,1,3,1,1,1.2573
1,8,1,3,1,2,1.3681
1,8,1,3,1,2,1.37
1,8,1,3,1,2,1.2937
1,8,1,3,2,1,0.97908
1,8,1,3,2,1,0.88644
1,8,1,3,2,1,1.0112
1,8,1,3,2,2,1.1443
1,8,1,3,2,2,1.1115
1,8,1,3,2,2,1.0937
1,8,4,1,1,1,1.1286
1,8,4,1,1,1,1.0995
1,8,4,1,1,1,1.0986
1,8,4,1,1,2,1.2468
1,8,4,1,1,2,1.1697
1,8,4,1,1,2,1.3249
1,8,4,1,2,1,1.2365
1,8,4,1,2,1,1.2026
1,8,4,1,2,1,1.1561
1,8,4,1,2,2,1.4371
1,8,4,1,2,2,1.3879
1,8,4,1,2,2,1.4179
1,8,4,2,1,1,1.1375
1,8,4,2,1,1,1.1341
1,8,4,2,1,1,1.1605
1,8,4,2,1,2,1.4654
1,8,4,2,1,2,1.392
1,8,4,2,1,2,1.4197
1,8,4,2,2,1,1.1507
1,8,4,2,2,1,1.1221
1,8,4,2,2,1,1.1318
1,8,4,2,2,2,1.3427
1,8,4,2,2,2,1.3503
1,8,4,2,2,2,1.3667
1,8,4,3,1,1,1.1862
1,8,4,3,1,1,1.2043
1,8,4,3,1,1,1.1876
1,8,4,3,1,2,1.2055
1,8,4,3,1,2,1.4152
1,8,4,3,1,2,1.383
1,8,4,3,2,1,0.85501
1,8,4,3,2,1,0.87892
1,8,4,3,2,1,0.75343
1,8,4,3,2,2,1.0294
1,8,4,3,2,2,1.0528
1,8,4,3,2,2,0.90503
1,8,7,1,1,1,1.2312
1,8,7,1,1,1,1.0899
1,8,7,1,1,1,1.1278
1,8,7,1,1,2,1.3349
1,8,7,1,1,2,1.3193
1,8,7,1,1,2,1.2681
1,8,7,1,2,1,1.2109
1,8,7,1,2,1,1.0482
1,8,7,1,2,1,1.0551
1,8,7,1,2,2,1.2463
1,8,7,1,2,2,1.1745
1,8,7,1,2,2,1.1878
1,8,7,2,1,1,1.0811
1,8,7,2,1,1,1.1219
1,8,7,2,1,1,1.1786
1,8,7,2,1,2,1.2201
1,8,7,2,1,2,1.2232
1,8,7,2,1,2,1.2558
1,8,7,2,2,1,1.0242
1,8,7,2,2,1,1.0587
1,8,7,2,2,1,0.99461
1,8,7,2,2,2,1.0616
1,8,7,2,2,2,1.0803
1,8,7,2,2,2,1.133
1,8,7,3,1,1,1.1483
1,8,7,3,1,1,1.141
1,8,7,3,1,1,1.2364
1,8,7,3,1,2,1.1201
1,8,7,3,1,2,1.1796
1,8,7,3,1,2,1.3759
1,8,7,3,2,1,0.87855
1,8,7,3,2,1,0.77583
1,8,7,3,2,1,0.79553
1,8,7,3,2,2,0.97917
1,8,7,3,2,2,1.0144
1,8,7,3,2,2,0.93497
1,9,1,1,1,1,1.1992
1,9,1,1,1,1,1.3045
1,9,1,1,1,1,1.2332
1,9,1,1,1,2,1.2464
1,9,1,1,1,2,1.2155
1,9,1,1,1,2,1.229
1,9,1,1,2,1,1.0615
1,9,1,1,2,1,1.2562
1,9,1,1,2,1,1.2697
1,9,1,1,2,2,1.2519
1,9,1,1,2,2,1.3144
1,9,1,1,2,2,1.2548
1,9,1,2,1,1,1.3468
1,9,1,2,1,1,1.3142
1,9,1,2,1,1,1.2538
1,9,1,2,1,2,1.4077
1,9,1,2,1,2,1.2254
1,9,1,2,1,2,1.3644
1,9,1,2,2,1,1.1503
1,9,1,2,2,1,1.0401
1,9,1,2,2,1,0.98816
1,9,1,2,2,2,1.2572
1,9,1,2,2,2,1.077
1,9,1,2,2,2,1.0323
1,9,1,3,1,1,1.146
1,9,1,3,1,1,1.2999
1,9,1,3,1,1,1.1588
1,9,1,3,1,2,1.3013
1,9,1,3,1,2,1.3419
1,9,1,3,1,2,1.3011
1,9,1,3,2,1,0.96107
1,9,1,3,2,1,0.90668
1,9,1,3,2,1,0.9631
1,9,1,3,2,2,1.1929
1,9,1,3,2,2,1.0275
1,9,1,3,2,2,1.0754
1,9,4,1,1,1,1.1929
1,9,4,1,1,1,1.257
1,9,4,1,1,1,1.2204
1,9,4,1,1,2,1.4015
1,9,4,1,1,2,1.4533
1,9,4,1,1,2,1.3897
1,9,4,1,2,1,1.3418
1,9,4,1,2,1,1.0745
1,9,4,1,2,1,1.1279
1,9,4,1,2,2,1.3675
1,9,4,1,2,2,1.3437
1,9,4,1,2,2,1.316
1,9,4,2,1,1,1.1957
1,9,4,2,1,1,1.2436
1,9,4,2,1,1,1.177
1,9,4,2,1,2,1.5222
1,9,4,2,1,2,1.4852
1,9,4,2,1,2,1.5029
1,9,4,2,2,1,0.91624
1,9,4,2,2,1,0.86259
1,9,4,2,2,1,0.91244
1,9,4,2,2,2,1.0258
1,9,4,2,2,2,1.0619
1,9,4,2,2,2,1.064
1,9,4,3,1,1,1.4167
1,9,4,3,1,1,1.1195
1,9,4,3,1,1,1.1196
1,9,4,3,1,2,1.3846
1,9,4,3,1,2,1.3308
1,9,4,3,1,2,1.3131
1,9,4,3,2,1,0.84638
1,9,4,3,2,1,0.95582
1,9,4,3,2,1,1.0093
1,9,4,3,2,2,1.0716
1,9,4,3,2,2,1.1039
1,9,4,3,2,2,1.0783
1,9,7,1,1,1,1.2366
1,9,7,1,1,1,1.0954
1,9,7,1,1,1,1.1975
1,9,7,1,1,2,1.3574
1,9,7,1,1,2,1.3073
1,9,7,1,1,2,1.4361
1,9,7,1,2,1,1.1802
1,9,7,1,2,1,1.3275
1,9,7,1,2,1,1.1109
1,9,7,1,2,2,1.4811
1,9,7,1,2,2,1.5333
1,9,7,1,2,2,1.3403
1,9,7,2,1,1,1.2325
1,9,7,2,1,1,1.1961
1,9,7,2,1,1,1.1818
1,9,7,2,1,2,1.5096
1,9,7,2,1,2,1.5329
1,9,7,2,1,2,1.5165
1,9,7,2,2,1,0.98303
1,9,7,2,2,1,1.0345
1,9,7,2,2,1,0.99602
1,9,7,2,2,2,1.1282
1,9,7,2,2,2,1.0858
1,9,7,2,2,2,1.0265
1,9,7,3,1,1,1.2059
1,9,7,3,1,1,1.2087
1,9,7,3,1,1,1.1716
1,9,7,3,1,2,1.4582
1,9,7,3,1,2,1.4491
1,9,7,3,1,2,1.4867
1,9,7,3,2,1,1.0017
1,9,7,3,2,1,1.0263
1,9,7,3,2,1,0.92107
1,9,7,3,2,2,1.114
1,9,7,3,2,2,1.0032
1,9,7,3,2,2,0.94458
2,1,1,1,1,1,0.94114
2,1,1,1,1,1,1.0912
2,1,1,1,1,1,1.0329
2,1,1,1,1,2,1.2399
2,1,1,1,1,2,1.0993
2,1,1,1,1,2,1.1181
2,1,1,1,2,1,1.3277
2,1,1,1,2,1,1.2431
2,1,1,1,2,1,1.2599
2,1,1,1,2,2,1.3469
2,1,1,1,2,2,1.3362
2,1,1,1,2,2,1.3332
2,1,1,2,1,1,1.165
2,1,1,2,1,1,1.3143
2,1,1,2,1,1,1.1483
2,1,1,2,1,2,1.3975
2,1,1,2,1,2,1.3057
2,1,1,2,1,2,1.2185
2,1,1,2,2,1,1.183
2,1,1,2,2,1,1.2876
2,1,1,2,2,1,1.2843
2,1,1,2,2,2,1.4087
2,1,1,2,2,2,1.2474
2,1,1,2,2,2,1.2034
2,1,1,3,1,1,1.1862
2,1,1,3,1,1,1.245
2,1,1,3,1,1,1.257
2,1,1,3,1,2,1.2075
2,1,1,3,1,2,1.2565
2,1,1,3,1,2,1.3784
2,1,1,3,2,1,0.96108
2,1,1,3,2,1,1.2708
2,1,1,3,2,1,1.2903
2,1,1,3,2,2,1.0955
2,1,1,3,2,2,1.1908
2,1,1,3,2,2,1.3759
2,1,4,1,1,1,1.1888
2,1,4,1,1,1,1.1756
2,1,4,1,1,1,1.0484
2,1,4,1,1,2,1.1236
2,1,4,1,1,2,1.0821
2,1,4,1,1,2,1.0612
2,1,4,1,2,1,1.2317
2,1,4,1,2,1,1.1881
2,1,4,1,2,1,1.2423
2,1,4,1,2,2,1.3217
2,1,4,1,2,2,1.1874
2,1,4,1,2,2,1.1716
2,1,4,2,1,1,1.1479
2,1,4,2,1,1,1.2397
2,1,4,2,1,1,1.2878
2,1,4,2,1,2,1.0784
2,1,4,2,1,2,1.2819
2,1,4,2,1,2,1.2745
2,1,4,2,2,1,1.1827
2,1,4,2,2,1,1.1083
2,1,4,2,2,1,1.0939
2,1,4,2,2,2,1.2202
2,1,4,2,2,2,1.1155
2,1,4,2,2,2,1.1112
2,1,4,3,1,1,1.3703
2,1,4,3,1,1,1.2424
2,1,4,3,1,1,1.225
2,1,4,3,1,2,1.2397
2,1,4,3,1,2,1.1851
2,1,4,3,1,2,1.3223
2,1,4,3,2,1,1.1142
2,1,4,3,2,1,1.0418
2,1,4,3,2,1,0.94998
2,1,4,3,2,2,1.1981
2,1,4,3,2,2,1.1805
2,1,4,3,2,2,1.052
2,1,7,1,1,1,1.1406
2,1,7,1,1,1,1.0608
2,1,7,1,1,1,1.2431
2,1,7,1,1,2,1.1295
2,1,7,1,1,2,1.2817
2,1,7,1,1,2,1.0812
2,1,7,1,2,1,0.97839
2,1,7,1,2,1,0.95195
2,1,7,1,2,1,0.94189
2,1,7,1,2,2,1.3998
2,1,7,1,2,2,1.4114
2,1,7,1,2,2,1.4435
2,1,7,2,1,1,1.2607
2,1,7,2,1,1,1.192
2,1,7,2,1,1,1.2996
2,1,7,2,1,2,1.2318
2,1,7,2,1,2,1.069
2,1,7,2,1,2,1.2385
2,1,7,2,2,1,0.89498
2,1,7,2,2,1,0.98337
2,1,7,2,2,1,1.0513
2,1,7,2,2,2,1.3887
2,1,7,2,2,2,1.4842
2,1,7,2,2,2,1.5471
2,1,7,3,1,1,1.1565
2,1,7,3,1,1,1.2565
2,1,7,3,1,1,1.3073
2,1,7,3,1,2,1.0152
2,1,7,3,1,2,1.0223
2,1,7,3,1,2,0.97414
2,1,7,3,2,1,0.91374
2,1,7,3,2,1,0.81276
2,1,7,3,2,1,0.96064
2,1,7,3,2,2,0.86713
2,1,7,3,2,2,0.78853
2,1,7,3,2,2,0.93983
2,4,1,1,1,1,1.2093
2,4,1,1,1,1,1.1365
2,4,1,1,1,1,1.1751
2,4,1,1,1,2,1.0975
2,4,1,1,1,2,1.2019
2,4,1,1,1,2,1.1484
2,4,1,1,2,1,1.2455
2,4,1,1,2,1,1.1673
2,4,1,1,2,1,1.2774
2,4,1,1,2,2,1.1148
2,4,1,1,2,2,1.2425
2,4,1,1,2,2,1.2388
2,4,1,2,1,1,1.4801
2,4,1,2,1,1,1.3698
2,4,1,2,1,1,1.2999
2,4,1,2,1,2,1.4341
2,4,1,2,1,2,1.4091
2,4,1,2,1,2,1.3768
2,4,1,2,2,1,1.1966
2,4,1,2,2,1,1.1598
2,4,1,2,2,1,1.2268
2,4,1,2,2,2,1.2384
2,4,1,2,2,2,1.1001
2,4,1,2,2,2,1.1296
2,4,1,3,1,1,1.2266
2,4,1,3,1,1,1.3315
2,4,1,3,1,1,1.2872
2,4,1,3,1,2,1.1708
2,4,1,3,1,2,1.3991
2,4,1,3,1,2,1.4419
2,4,1,3,2,1,0.90034
2,4,1,3,2,1,1.0198
2,4,1,3,2,1,0.98968
2,4,1,3,2,2,1.0837
2,4,1,3,2,2,1.0167
2,4,1,3,2,2,0.97643
2,4,4,1,1,1,1.2162
2,4,4,1,1,1,1.2679
2,4,4,1,1,1,1.1967
2,4,4,1,1,2,1.3869
2,4,4,1,1,2,1.2841
2,4,4,1,1,2,1.1606
2,4,4,1,2,1,1.023
2,4,4,1,2,1,1.118
2,4,4,1,2,1,1.1541
2,4,4,1,2,2,1.4923
2,4,4,1,2,2,1.2484
2,4,4,1,2,2,1.278
2,4,4,2,1,1,1.1601
2,4,4,2,1,1,1.206
2,4,4,2,1,1,1.3184
2,4,4,2,1,2,1.2231
2,4,4,2,1,2,1.2068
2,4,4,2,1,2,1.2187
2,4,4,2,2,1,1.095
2,4,4,2,2,1,1.1221
2,4,4,2,2,1,1.1593
2,4,4,2,2,2,1.162
2,4,4,2,2,2,1.3117
2,4,4,2,2,2,1.2057
2,4,4,3,1,1,1.0939
2,4,4,3,1,1,1.0936
2,4,4,3,1,1,1.2847
2,4,4,3,1,2,1.1041
2,4,4,3,1,2,1.1592
2,4,4,3,1,2,1.0773
2,4,4,3,2,1,0.99013
2,4,4,3,2,1,0.98888
2,4,4,3,2,1,0.9339
2,4,4,3,2,2,0.98357
2,4,4,3,2,2,0.95542
2,4,4,3,2,2,0.82859
2,4,7,1,1,1,1.2927
2,4,7,1,1,1,1.2657
2,4,7,1,1,1,1.251
2,4,7,1,1,2,1.2443
2,4,7,1,1,2,1.2597
2,4,7,1,1,2,1.1756
2,4,7,1,2,1,1.09
2,4,7,1,2,1,1.0685
2,4,7,1,2,1,1.0622
2,4,7,1,2,2,1.1487
2,4,7,1,2,2,1.1704
2,4,7,1,2,2,1.1498
2,4,7,2,1,1,1.0771
2,4,7,2,1,1,1.1784
2,4,7,2,1,1,1.0645
2,4,7,2,1,2,1.2097
2,4,7,2,1,2,1.1619
2,4,7,2,1,2,1.1463
2,4,7,2,2,1,1.0516
2,4,7,2,2,1,1.0742
2,4,7,2,2,1,1.0124
2,4,7,2,2,2,1.2621
2,4,7,2,2,2,1.2077
2,4,7,2,2,2,1.0377
2,4,7,3,1,1,1.4081
2,4,7,3,1,1,1.1158
2,4,7,3,1,1,1.2797
2,4,7,3,1,2,1.0075
2,4,7,3,1,2,1.0147
2,4,7,3,1,2,1.0518
2,4,7,3,2,1,0.98885
2,4,7,3,2,1,0.94583
2,4,7,3,2,1,0.95172
2,4,7,3,2,2,0.93641
2,4,7,3,2,2,0.94023
2,4,7,3,2,2,0.90694
2,5,1,1,1,1,1.0438
2,5,1,1,1,1,1.1469
2,5,1,1,1,1,1.1849
2,5,1,1,1,2,1.2388
2,5,1,1,1,2,1.1138
2,5,1,1,1,2,1.1765
2,5,1,1,2,1,0.87933
2,5,1,1,2,1,0.91239
2,5,1,1,2,1,0.88624
2,5,1,1,2,2,1.0355
2,5,1,1,2,2,0.96933
2,5,1,1,2,2,0.88703
2,5,1,2,1,1,0.93762
2,5,1,2,1,1,0.92049
2,5,1,2,1,1,1.0131
2,5,1,2,1,2,1.0189
2,5,1,2,1,2,1.1599
2,5,1,2,1,2,1.1161
2,5,1,2,2,1,0.95356
2,5,1,2,2,1,0.94866
2,5,1,2,2,1,0.91527
2,5,1,2,2,2,1.065
2,5,1,2,2,2,1.1064
2,5,1,2,2,2,1.0498
2,5,1,3,1,1,1.0136
2,5,1,3,1,1,1.0039
2,5,1,3,1,1,1.1458
2,5,1,3,1,2,0.85235
2,5,1,3,1,2,0.87307
2,5,1,3,1,2,0.85188
2,5,1,3,2,1,1.0276
2,5,1,3,2,1,0.9627
2,5,1,3,2,1,0.90989
2,5,1,3,2,2,1.0932
2,5,1,3,2,2,1.1164
2,5,1,3,2,2,0.88093
2,5,4,1,1,1,1.1346
2,5,4,1,1,1,1.0406
2,5,4,1,1,1,1.0098
2,5,4,1,1,2,1.147
2,5,4,1,1,2,1.0838
2,5,4,1,1,2,0.93097
2,5,4,1,2,1,0.88977
2,5,4,1,2,1,0.89617
2,5,4,1,2,1,0.8683
2,5,4,1,2,2,0.96957
2,5,4,1,2,2,0.90896
2,5,4,1,2,2,0.9213
2,5,4,2,1,1,1.0657
2,5,4,2,1,1,1.0848
2,5,4,2,1,1,1.0058
2,5,4,2,1,2,0.91246
2,5,4,2,1,2,0.9281
2,5,4,2,1,2,0.8997
2,5,4,2,2,1,0.89281
2,5,4,2,2,1,0.89298
2,5,4,2,2,1,0.8698
2,5,4,2,2,2,0.87213
2,5,4,2,2,2,0.89957
2,5,4,2,2,2,0.91979
2,5,4,3,1,1,1.0549
2,5,4,3,1,1,1.0415
2,5,4,3,1,1,1.019
2,5,4,3,1,2,0.87647
2,5,4,3,1,2,0.89513
2,5,4,3,1,2,0.85083
2,5,4,3,2,1,0.9429
2,5,4,3,2,1,0.87995
2,5,4,3,2,1,0.86889
2,5,4,3,2,2,0.93596
2,5,4,3,2,2,0.93181
2,5,4,3,2,2,0.94525
2,5,7,1,1,1,1.1614
2,5,7,1,1,1,1.2234
2,5,7,1,1,1,1.2707
2,5,7,1,1,2,1.1423
2,5,7,1,1,2,1.0176
2,5,7,1,1,2,1.0124
2,5,7,1,2,1,0.96027
2,5,7,1,2,1,0.97635
2,5,7,1,2,1,0.98356
2,5,7,1,2,2,1.0139
2,5,7,1,2,2,1.0375
2,5,7,1,2,2,1.0566
2,5,7,2,1,1,1.0981
2,5,7,2,1,1,1.0192
2,5,7,2,1,1,1.0704
2,5,7,2,1,2,1.0843
2,5,7,2,1,2,0.96933
2,5,7,2,1,2,0.96595
2,5,7,2,2,1,0.92816
2,5,7,2,2,1,1.0155
2,5,7,2,2,1,1.0024
2,5,7,2,2,2,1.0523
2,5,7,2,2,2,0.96069
2,5,7,2,2,2,0.94354
2,5,7,3,1,1,1.0328
2,5,7,3,1,1,1.1148
2,5,7,3,1,1,1.202
2,5,7,3,1,2,0.90776
2,5,7,3,1,2,0.84028
2,5,7,3,1,2,0.84399
2,5,7,3,2,1,0.91231
2,5,7,3,2,1,0.8706
2,5,7,3,2,1,0.93115
2,5,7,3,2,2,0.8872
2,5,7,3,2,2,0.89155
2,5,7,3,2,2,0.8924
2,7,1,1,1,1,1.4245
2,7,1,1,1,1,1.2416
2,7,1,1,1,1,1.2453
2,7,1,1,1,2,1.0655
2,7,1,1,1,2,1.0855
2,7,1,1,1,2,1.0143
2,7,1,1,2,1,1.3655
2,7,1,1,2,1,1.3893
2,7,1,1,2,1,1.4761
2,7,1,1,2,2,1.1476
2,7,1,1,2,2,1.1549
2,7,1,1,2,2,1.2118
2,7,1,2,1,1,1.1866
2,7,1,2,1,1,1.1861
2,7,1,2,1,1,1.2151
2,7,1,2,1,2,1.0294
2,7,1,2,1,2,1.1539
2,7,1,2,1,2,0.97581
2,7,1,2,2,1,1.0977
2,7,1,2,2,1,1.0271
2,7,1,2,2,1,1.091
2,7,1,2,2,2,0.93478
2,7,1,2,2,2,0.94078
2,7,1,2,2,2,1.0135
2,7,1,3,1,1,1.2503
2,7,1,3,1,1,1.2149
2,7,1,3,1,1,1.2894
2,7,1,3,1,2,1.034
2,7,1,3,1,2,1.1263
2,7,1,3,1,2,1.04
2,7,1,3,2,1,1.0986
2,7,1,3,2,1,1.1638
2,7,1,3,2,1,1.1423
2,7,1,3,2,2,0.92731
2,7,1,3,2,2,0.96485
2,7,1,3,2,2,1.0557
2,7,4,1,1,1,1.2178
2,7,4,1,1,1,1.3133
2,7,4,1,1,1,1.3181
2,7,4,1,1,2,1.0166
2,7,4,1,1,2,1.1106
2,7,4,1,1,2,0.96953
2,7,4,1,2,1,1.2036
2,7,4,1,2,1,1.2429
2,7,4,1,2,1,1.2971
2,7,4,1,2,2,1.0977
2,7,4,1,2,2,1.0586
2,7,4,1,2,2,1.0364
2,7,4,2,1,1,1.247
2,7,4,2,1,1,1.2947
2,7,4,2,1,1,1.3518
2,7,4,2,1,2,1.0966
2,7,4,2,1,2,1.0006
2,7,4,2,1,2,1.0597
2,7,4,2,2,1,1.2161
2,7,4,2,2,1,1.0485
2,7,4,2,2,1,1.1007
2,7,4,2,2,2,0.97035
2,7,4,2,2,2,1.0114
2,7,4,2,2,2,1.0616
2,7,4,3,1,1,1.0068
2,7,4,3,1,1,0.95843
2,7,4,3,1,1,1.1735
2,7,4,3,1,2,0.92072
2,7,4,3,1,2,0.97826
2,7,4,3,1,2,0.95439
2,7,4,3,2,1,1.0836
2,7,4,3,2,1,1.0889
2,7,4,3,2,1,1.1325
2,7,4,3,2,2,0.96572
2,7,4,3,2,2,0.94769
2,7,4,3,2,2,0.93662
2,7,7,1,1,1,1.0195
2,7,7,1,1,1,1.1304
2,7,7,1,1,1,1.0865
2,7,7,1,1,2,1.0869
2,7,7,1,1,2,1.0738
2,7,7,1,1,2,1.0295
2,7,7,1,2,1,1.0003
2,7,7,1,2,1,0.93863
2,7,7,1,2,1,0.97231
2,7,7,1,2,2,0.91368
2,7,7,1,2,2,0.96528
2,7,7,1,2,2,0.92134
2,7,7,2,1,1,1.0204
2,7,7,2,1,1,1.1433
2,7,7,2,1,1,0.98122
2,7,7,2,1,2,1.006
2,7,7,2,1,2,0.96298
2,7,7,2,1,2,1.0006
2,7,7,2,2,1,0.92792
2,7,7,2,2,1,0.93003
2,7,7,2,2,1,0.90441
2,7,7,2,2,2,1.083
2,7,7,2,2,2,1.0395
2,7,7,2,2,2,1.0239
2,7,7,3,1,1,1.1853
2,7,7,3,1,1,1.1429
2,7,7,3,1,1,1.345
2,7,7,3,1,2,0.88752
2,7,7,3,1,2,0.93725
2,7,7,3,1,2,0.9203
2,7,7,3,2,1,0.96979
2,7,7,3,2,1,1.0368
2,7,7,3,2,1,1.0164
2,7,7,3,2,2,0.91558
2,7,7,3,2,2,0.91475
2,7,7,3,2,2,0.9356
2,10,1,1,1,1,1.1703
2,10,1,1,1,1,1.2384
2,10,1,1,1,1,1.2879
2,10,1,1,1,2,1.2346
2,10,1,1,1,2,1.361
2,10,1,1,1,2,1.2611
2,10,1,1,2,1,1.2816
2,10,1,1,2,1,1.1399
2,10,1,1,2,1,1.2452
2,10,1,1,2,2,1.184
2,10,1,1,2,2,1.2418
2,10,1,1,2,2,1.2571
2,10,1,2,1,1,1.2375
2,10,1,2,1,1,1.0529
2,10,1,2,1,1,1.164
2,10,1,2,1,2,1.5009
2,10,1,2,1,2,1.07
2,10,1,2,1,2,1.2804
2,10,1,2,2,1,0.9936
2,10,1,2,2,1,1.1288
2,10,1,2,2,1,1.17
2,10,1,2,2,2,0.98533
2,10,1,2,2,2,1.2594
2,10,1,2,2,2,1.2774
2,10,1,3,1,1,1.1126
2,10,1,3,1,1,1.1343
2,10,1,3,1,1,1.0671
2,10,1,3,1,2,1.1355
2,10,1,3,1,2,1.2476
2,10,1,3,1,2,1.0615
2,10,1,3,2,1,1.0908
2,10,1,3,2,1,1.0093
2,10,1,3,2,1,1.0366
2,10,1,3,2,2,1.1482
2,10,1,3,2,2,0.93168
2,10,1,3,2,2,1.1063
2,10,4,1,1,1,1.2052
2,10,4,1,1,1,1.1583
2,10,4,1,1,1,1.1853
2,10,4,1,1,2,1.2535
2,10,4,1,1,2,1.3315
2,10,4,1,1,2,1.3966
2,10,4,1,2,1,1.1216
2,10,4,1,2,1,1.0178
2,10,4,1,2,1,1.1847
2,10,4,1,2,2,1.2259
2,10,4,1,2,2,1.2412
2,10,4,1,2,2,1.3399
2,10,4,2,1,1,1.0579
2,10,4,2,1,1,1.1299
2,10,4,2,1,1,1.0068
2,10,4,2,1,2,1.1347
2,10,4,2,1,2,1.2607
2,10,4,2,1,2,1.3321
2,10,4,2,2,1,1.0221
2,10,4,2,2,1,1.123
2,10,4,2,2,1,0.92291
2,10,4,2,2,2,1.0362
2,10,4,2,2,2,1.2106
2,10,4,2,2,2,0.99165
2,10,4,3,1,1,1.1194
2,10,4,3,1,1,1.1024
2,10,4,3,1,1,1.1002
2,10,4,3,1,2,1.2406
2,10,4,3,1,2,1.2875
2,10,4,3,1,2,1.458
2,10,4,3,2,1,1.0254
2,10,4,3,2,1,1.032
2,10,4,3,2,1,1.066
2,10,4,3,2,2,0.99137
2,10,4,3,2,2,1.0398
2,10,4,3,2,2,1.0176
2,10,7,1,1,1,1.3558
2,10,7,1,1,1,1.2631
2,10,7,1,1,1,1.3069
2,10,7,1,1,2,1.3888
2,10,7,1,1,2,1.6032
2,10,7,1,1,2,1.7276
2,10,7,1,2,1,1.5773
2,10,7,1,2,1,1.7038
2,10,7,1,2,1,1.8089
2,10,7,1,2,2,1.4678
2,10,7,1,2,2,1.6398
2,10,7,1,2,2,1.5522
2,10,7,2,1,1,1.4215
2,10,7,2,1,1,1.3327
2,10,7,2,1,1,1.5755
2,10,7,2,1,2,1.8178
2,10,7,2,1,2,1.9473
2,10,7,2,1,2,1.4618
2,10,7,2,2,1,1.4356
2,10,7,2,2,1,1.2633
2,10,7,2,2,1,1.4043
2,10,7,2,2,2,1.4017
2,10,7,2,2,2,1.3283
2,10,7,2,2,2,1.3913
2,10,7,3,1,1,1.4023
2,10,7,3,1,1,1.7312
2,10,7,3,1,1,1.793
2,10,7,3,1,2,1.7896
2,10,7,3,1,2,1.6188
2,10,7,3,1,2,1.7318
2,10,7,3,2,1,1.0936
2,10,7,3,2,1,1.0016
2,10,7,3,2,1,1.1514
2,10,7,3,2,2,0.89548
2,10,7,3,2,2,0.93039
2,10,7,3,2,2,1.0917
