group , participant , session , IDRight , IDLeft , hand , value
1,2,1,1,1,1,0.49992
1,2,1,1,1,1,0.52001
1,2,1,1,1,1,0.4995
1,2,1,1,1,2,0.48271
1,2,1,1,1,2,0.497
1,2,1,1,1,2,0.485
1,2,1,1,2,1,0.50761
1,2,1,1,2,1,0.50051
1,2,1,1,2,1,0.52024
1,2,1,1,2,2,0.49882
1,2,1,1,2,2,0.51041
1,2,1,1,2,2,0.51273
1,2,1,2,1,1,0.50249
1,2,1,2,1,1,0.5045
1,2,1,2,1,1,0.5069
1,2,1,2,1,2,0.48125
1,2,1,2,1,2,0.46362
1,2,1,2,1,2,0.4708
1,2,1,2,2,1,0.48517
1,2,1,2,2,1,0.49468
1,2,1,2,2,1,0.50282
1,2,1,2,2,2,0.50116
1,2,1,2,2,2,0.50332
1,2,1,2,2,2,0.50563
1,2,1,3,1,1,0.51603
1,2,1,3,1,1,0.51574
1,2,1,3,1,1,0.50681
1,2,1,3,1,2,0.50298
1,2,1,3,1,2,0.46511
1,2,1,3,1,2,0.48074
1,2,1,3,2,1,0.49581
1,2,1,3,2,1,0.46846
1,2,1,3,2,1,0.49798
1,2,1,3,2,2,0.47695
1,2,1,3,2,2,0.47248
1,2,1,3,2,2,0.48203
1,2,4,1,1,1,0.50155
1,2,4,1,1,1,0.50338
1,2,4,1,1,1,0.48425
1,2,4,1,1,2,0.49459
1,2,4,1,1,2,0.46856
1,2,4,1,1,2,0.47444
1,2,4,1,2,1,0.52867
1,2,4,1,2,1,0.50424
1,2,4,1,2,1,0.51642
1,2,4,1,2,2,0.51425
1,2,4,1,2,2,0.492
1,2,4,1,2,2,0.51034
1,2,4,2,1,1,0.52608
1,2,4,2,1,1,0.50735
1,2,4,2,1,1,0.50358
1,2,4,2,1,2,0.45884
1,2,4,2,1,2,0.46052
1,2,4,2,1,2,0.47142
1,2,4,2,2,1,0.52338
1,2,4,2,2,1,0.53471
1,2,4,2,2,1,0.51918
1,2,4,2,2,2,0.49606
1,2,4,2,2,2,0.50961
1,2,4,2,2,2,0.51656
1,2,4,3,1,1,0.49109
1,2,4,3,1,1,0.49442
1,2,4,3,1,1,0.51404
1,2,4,3,1,2,0.49415
1,2,4,3,1,2,0.50404
1,2,4,3,1,2,0.50204
1,2,4,3,2,1,0.50693
1,2,4,3,2,1,0.521
1,2,4,3,2,1,0.50778
1,2,4,3,2,2,0.49023
1,2,4,3,2,2,0.50988
1,2,4,3,2,2,0.48697
1,2,7,1,1,1,0.50784
1,2,7,1,1,1,0.51277
1,2,7,1,1,1,0.50727
1,2,7,1,1,2,0.47539
1,2,7,1,1,2,0.48112
1,2,7,1,1,2,0.48357
1,2,7,1,2,1,0.49729
1,2,7,1,2,1,0.5047
1,2,7,1,2,1,0.51861
1,2,7,1,2,2,0.50251
1,2,7,1,2,2,0.50581
1,2,7,1,2,2,0.51706
1,2,7,2,1,1,0.50566
1,2,7,2,1,1,0.50679
1,2,7,2,1,1,0.49364
1,2,7,2,1,2,0.46558
1,2,7,2,1,2,0.48704
1,2,7,2,1,2,0.46639
1,2,7,2,2,1,0.48415
1,2,7,2,2,1,0.48473
1,2,7,2,2,1,0.49605
1,2,7,2,2,2,0.49295
1,2,7,2,2,2,0.4922
1,2,7,2,2,2,0.49066
1,2,7,3,1,1,0.49208
1,2,7,3,1,1,0.50428
1,2,7,3,1,1,0.50734
1,2,7,3,1,2,0.49563
1,2,7,3,1,2,0.48096
1,2,7,3,1,2,0.47971
1,2,7,3,2,1,0.53417
1,2,7,3,2,1,0.52786
1,2,7,3,2,1,0.51979
1,2,7,3,2,2,0.51935
1,2,7,3,2,2,0.51728
1,2,7,3,2,2,0.51781
1,3,1,1,1,1,0.51704
1,3,1,1,1,1,0.51206
1,3,1,1,1,1,0.51793
1,3,1,1,1,2,0.52227
1,3,1,1,1,2,0.5277
1,3,1,1,1,2,0.53781
1,3,1,1,2,1,0.4996
1,3,1,1,2,1,0.50387
1,3,1,1,2,1,0.50544
1,3,1,1,2,2,0.53123
1,3,1,1,2,2,0.50804
1,3,1,1,2,2,0.52751
1,3,1,2,1,1,0.49374
1,3,1,2,1,1,0.52213
1,3,1,2,1,1,0.50766
1,3,1,2,1,2,0.51337
1,3,1,2,1,2,0.52459
1,3,1,2,1,2,0.51702
1,3,1,2,2,1,0.5047
1,3,1,2,2,1,0.51486
1,3,1,2,2,1,0.50664
1,3,1,2,2,2,0.52113
1,3,1,2,2,2,0.52269
1,3,1,2,2,2,0.52763
1,3,1,3,1,1,0.52142
1,3,1,3,1,1,0.50544
1,3,1,3,1,1,0.50962
1,3,1,3,1,2,0.5281
1,3,1,3,1,2,0.53904
1,3,1,3,1,2,0.527
1,3,1,3,2,1,0.50821
1,3,1,3,2,1,0.53075
1,3,1,3,2,1,0.53576
1,3,1,3,2,2,0.52927
1,3,1,3,2,2,0.52319
1,3,1,3,2,2,0.55374
1,3,4,1,1,1,0.51768
1,3,4,1,1,1,0.52186
1,3,4,1,1,1,0.53255
1,3,4,1,1,2,0.5262
1,3,4,1,1,2,0.51764
1,3,4,1,1,2,0.50161
1,3,4,1,2,1,0.49922
1,3,4,1,2,1,0.46981
1,3,4,1,2,1,0.51575
1,3,4,1,2,2,0.51147
1,3,4,1,2,2,0.50576
1,3,4,1,2,2,0.5149
1,3,4,2,1,1,0.50144
1,3,4,2,1,1,0.50831
1,3,4,2,1,1,0.54111
1,3,4,2,1,2,0.50332
1,3,4,2,1,2,0.50506
1,3,4,2,1,2,0.49713
1,3,4,2,2,1,0.50951
1,3,4,2,2,1,0.49182
1,3,4,2,2,1,0.51183
1,3,4,2,2,2,0.51352
1,3,4,2,2,2,0.50286
1,3,4,2,2,2,0.49193
1,3,4,3,1,1,0.52381
1,3,4,3,1,1,0.52356
1,3,4,3,1,1,0.52897
1,3,4,3,1,2,0.5118
1,3,4,3,1,2,0.52001
1,3,4,3,1,2,0.50157
1,3,4,3,2,1,0.5338
1,3,4,3,2,1,0.54466
1,3,4,3,2,1,0.54342
1,3,4,3,2,2,0.52708
1,3,4,3,2,2,0.50709
1,3,4,3,2,2,0.51398
1,3,7,1,1,1,0.52174
1,3,7,1,1,1,0.519
1,3,7,1,1,1,0.50276
1,3,7,1,1,2,0.52535
1,3,7,1,1,2,0.52264
1,3,7,1,1,2,0.52297
1,3,7,1,2,1,0.5083
1,3,7,1,2,1,0.49874
1,3,7,1,2,1,0.495
1,3,7,1,2,2,0.5023
1,3,7,1,2,2,0.52133
1,3,7,1,2,2,0.50664
1,3,7,2,1,1,0.49341
1,3,7,2,1,1,0.49776
1,3,7,2,1,1,0.49727
1,3,7,2,1,2,0.50606
1,3,7,2,1,2,0.51344
1,3,7,2,1,2,0.53164
1,3,7,2,2,1,0.50589
1,3,7,2,2,1,0.49208
1,3,7,2,2,1,0.49828
1,3,7,2,2,2,0.50801
1,3,7,2,2,2,0.51878
1,3,7,2,2,2,0.50352
1,3,7,3,1,1,0.50981
1,3,7,3,1,1,0.50168
1,3,7,3,1,1,0.51876
1,3,7,3,1,2,0.52915
1,3,7,3,1,2,0.50299
1,3,7,3,1,2,0.52631
1,3,7,3,2,1,0.56685
1,3,7,3,2,1,0.57522
1,3,7,3,2,1,0.57377
1,3,7,3,2,2,0.54192
1,3,7,3,2,2,0.55323
1,3,7,3,2,2,0.56754
1,6,1,1,1,1,0.52573
1,6,1,1,1,1,0.54093
1,6,1,1,1,1,0.52165
1,6,1,1,1,2,0.50688
1,6,1,1,1,2,0.52035
1,6,1,1,1,2,0.5021
1,6,1,1,2,1,0.51166
1,6,1,1,2,1,0.50891
1,6,1,1,2,1,0.51453
1,6,1,1,2,2,0.49879
1,6,1,1,2,2,0.49214
1,6,1,1,2,2,0.51516
1,6,1,2,1,1,0.5144
1,6,1,2,1,1,0.53658
1,6,1,2,1,1,0.52693
1,6,1,2,1,2,0.50572
1,6,1,2,1,2,0.51272
1,6,1,2,1,2,0.49625
1,6,1,2,2,1,0.50951
1,6,1,2,2,1,0.50385
1,6,1,2,2,1,0.49659
1,6,1,2,2,2,0.48211
1,6,1,2,2,2,0.46972
1,6,1,2,2,2,0.47545
1,6,1,3,1,1,0.5126
1,6,1,3,1,1,0.51805
1,6,1,3,1,1,0.52399
1,6,1,3,1,2,0.50816
1,6,1,3,1,2,0.51409
1,6,1,3,1,2,0.50994
1,6,1,3,2,1,0.50073
1,6,1,3,2,1,0.48016
1,6,1,3,2,1,0.49551
1,6,1,3,2,2,0.49574
1,6,1,3,2,2,0.44372
1,6,1,3,2,2,0.46501
1,6,4,1,1,1,0.50291
1,6,4,1,1,1,0.50205
1,6,4,1,1,1,0.51751
1,6,4,1,1,2,0.50918
1,6,4,1,1,2,0.51252
1,6,4,1,1,2,0.50864
1,6,4,1,2,1,0.50276
1,6,4,1,2,1,0.49395
1,6,4,1,2,1,0.47191
1,6,4,1,2,2,0.49235
1,6,4,1,2,2,0.50099
1,6,4,1,2,2,0.49804
1,6,4,2,1,1,0.50536
1,6,4,2,1,1,0.49785
1,6,4,2,1,1,0.49538
1,6,4,2,1,2,0.49338
1,6,4,2,1,2,0.51958
1,6,4,2,1,2,0.49477
1,6,4,2,2,1,0.45804
1,6,4,2,2,1,0.45142
1,6,4,2,2,1,0.47885
1,6,4,2,2,2,0.47363
1,6,4,2,2,2,0.47693
1,6,4,2,2,2,0.49289
1,6,4,3,1,1,0.50829
1,6,4,3,1,1,0.49268
1,6,4,3,1,1,0.48576
1,6,4,3,1,2,0.52017
1,6,4,3,1,2,0.50747
1,6,4,3,1,2,0.49981
1,6,4,3,2,1,0.45707
1,6,4,3,2,1,0.47115
1,6,4,3,2,1,0.46752
1,6,4,3,2,2,0.47677
1,6,4,3,2,2,0.4846
1,6,4,3,2,2,0.47707
1,6,7,1,1,1,0.50066
1,6,7,1,1,1,0.49699
1,6,7,1,1,1,0.50454
1,6,7,1,1,2,0.51813
1,6,7,1,1,2,0.48301
1,6,7,1,1,2,0.51149
1,6,7,1,2,1,0.48308
1,6,7,1,2,1,0.47309
1,6,7,1,2,1,0.47278
1,6,7,1,2,2,0.4879
1,6,7,1,2,2,0.48105
1,6,7,1,2,2,0.47906
1,6,7,2,1,1,0.50165
1,6,7,2,1,1,0.50366
1,6,7,2,1,1,0.49543
1,6,7,2,1,2,0.50362
1,6,7,2,1,2,0.50644
1,6,7,2,1,2,0.49179
1,6,7,2,2,1,0.43994
1,6,7,2,2,1,0.446
1,6,7,2,2,1,0.44637
1,6,7,2,2,2,0.47526
1,6,7,2,2,2,0.4812
1,6,7,2,2,2,0.48663
1,6,7,3,1,1,0.49519
1,6,7,3,1,1,0.50249
1,6,7,3,1,1,0.49538
1,6,7,3,1,2,0.49053
1,6,7,3,1,2,0.49468
1,6,7,3,1,2,0.50209
1,6,7,3,2,1,0.45476
1,6,7,3,2,1,0.44979
1,6,7,3,2,1,0.46415
1,6,7,3,2,2,0.45787
1,6,7,3,2,2,0.47886
1,6,7,3,2,2,0.47766
1,8,1,1,1,1,0.5342
1,8,1,1,1,1,0.53393
1,8,1,1,1,1,0.53628
1,8,1,1,1,2,0.49866
1,8,1,1,1,2,0.5001
1,8,1,1,1,2,0.50815
1,8,1,1,2,1,0.52836
1,8,1,1,2,1,0.53725
1,8,1,1,2,1,0.52409
1,8,1,1,2,2,0.48023
1,8,1,1,2,2,0.47631
1,8,1,1,2,2,0.48422
1,8,1,2,1,1,0.53538
1,8,1,2,1,1,0.5283
1,8,1,2,1,1,0.52581
1,8,1,2,1,2,0.50222
1,8,1,2,1,2,0.50665
1,8,1,2,1,2,0.48815
1,8,1,2,2,1,0.4987
1,8,1,2,2,1,0.50776
1,8,1,2,2,1,0.48551
1,8,1,2,2,2,0.45265
1,8,1,2,2,2,0.46012
1,8,1,2,2,2,0.43244
1,8,1,3,1,1,0.50314
1,8,1,3,1,1,0.49684
1,8,1,3,1,1,0.50952
1,8,1,3,1,2,0.49417
1,8,1,3,1,2,0.497
1,8,1,3,1,2,0.50841
1,8,1,3,2,1,0.51029
1,8,1,3,2,1,0.53398
1,8,1,3,2,1,0.50336
1,8,1,3,2,2,0.46983
1,8,1,3,2,2,0.47847
1,8,1,3,2,2,0.48193
1,8,4,1,1,1,0.51191
1,8,4,1,1,1,0.5244
1,8,4,1,1,1,0.52034
1,8,4,1,1,2,0.48226
1,8,4,1,1,2,0.5137
1,8,4,1,1,2,0.48364
1,8,4,1,2,1,0.51799
1,8,4,1,2,1,0.51409
1,8,4,1,2,1,0.53152
1,8,4,1,2,2,0.46377
1,8,4,1,2,2,0.47014
1,8,4,1,2,2,0.47383
1,8,4,2,1,1,0.5127
1,8,4,2,1,1,0.5183
1,8,4,2,1,1,0.5107
1,8,4,2,1,2,0.47306
1,8,4,2,1,2,0.4814
1,8,4,2,1,2,0.47537
1,8,4,2,2,1,0.46914
1,8,4,2,2,1,0.47442
1,8,4,2,2,1,0.47157
1,8,4,2,2,2,0.42958
1,8,4,2,2,2,0.42807
1,8,4,2,2,2,0.425
1,8,4,3,1,1,0.51344
1,8,4,3,1,1,0.50542
1,8,4,3,1,1,0.50894
1,8,4,3,1,2,0.50471
1,8,4,3,1,2,0.46927
1,8,4,3,1,2,0.47416
1,8,4,3,2,1,0.54724
1,8,4,3,2,1,0.54201
1,8,4,3,2,1,0.57839
1,8,4,3,2,2,0.49739
1,8,4,3,2,2,0.49487
1,8,4,3,2,2,0.53409
1,8,7,1,1,1,0.497
1,8,7,1,1,1,0.53181
1,8,7,1,1,1,0.51583
1,8,7,1,1,2,0.48239
1,8,7,1,1,2,0.47821
1,8,7,1,1,2,0.48213
1,8,7,1,2,1,0.48634
1,8,7,1,2,1,0.51792
1,8,7,1,2,1,0.51506
1,8,7,1,2,2,0.48277
1,8,7,1,2,2,0.49363
1,8,7,1,2,2,0.4903
1,8,7,2,1,1,0.52459
1,8,7,2,1,1,0.51203
1,8,7,2,1,1,0.51847
1,8,7,2,1,2,0.49267
1,8,7,2,1,2,0.48751
1,8,7,2,1,2,0.48572
1,8,7,2,2,1,0.49649
1,8,7,2,2,1,0.48782
1,8,7,2,2,1,0.5045
1,8,7,2,2,2,0.48724
1,8,7,2,2,2,0.48231
1,8,7,2,2,2,0.47114
1,8,7,3,1,1,0.50294
1,8,7,3,1,1,0.50544
1,8,7,3,1,1,0.50305
1,8,7,3,1,2,0.4926
1,8,7,3,1,2,0.48263
1,8,7,3,1,2,0.46055
1,8,7,3,2,1,0.53974
1,8,7,3,2,1,0.57102
1,8,7,3,2,1,0.56527
1,8,7,3,2,2,0.51018
1,8,7,3,2,2,0.50317
1,8,7,3,2,2,0.52342
1,9,1,1,1,1,0.51225
1,9,1,1,1,1,0.49807
1,9,1,1,1,1,0.5138
1,9,1,1,1,2,0.50721
1,9,1,1,1,2,0.50032
1,9,1,1,1,2,0.51386
1,9,1,1,2,1,0.53204
1,9,1,1,2,1,0.50004
1,9,1,1,2,1,0.49068
1,9,1,1,2,2,0.51056
1,9,1,1,2,2,0.49307
1,9,1,1,2,2,0.48911
1,9,1,2,1,1,0.50011
1,9,1,2,1,1,0.49883
1,9,1,2,1,1,0.51107
1,9,1,2,1,2,0.49046
1,9,1,2,1,2,0.5156
1,9,1,2,1,2,0.49819
1,9,1,2,2,1,0.49272
1,9,1,2,2,1,0.50379
1,9,1,2,2,1,0.51405
1,9,1,2,2,2,0.4748
1,9,1,2,2,2,0.49903
1,9,1,2,2,2,0.50129
1,9,1,3,1,1,0.51324
1,9,1,3,1,1,0.49652
1,9,1,3,1,1,0.51403
1,9,1,3,1,2,0.48856
1,9,1,3,1,2,0.49581
1,9,1,3,1,2,0.50364
1,9,1,3,2,1,0.52286
1,9,1,3,2,1,0.52835
1,9,1,3,2,1,0.5138
1,9,1,3,2,2,0.4894
1,9,1,3,2,2,0.49672
1,9,1,3,2,2,0.48437
1,9,4,1,1,1,0.51761
1,9,4,1,1,1,0.50705
1,9,4,1,1,1,0.50906
1,9,4,1,1,2,0.47192
1,9,4,1,1,2,0.47587
1,9,4,1,1,2,0.47841
1,9,4,1,2,1,0.50703
1,9,4,1,2,1,0.52712
1,9,4,1,2,1,0.51641
1,9,4,1,2,2,0.50513
1,9,4,1,2,2,0.48849
1,9,4,1,2,2,0.5028
1,9,4,2,1,1,0.51435
1,9,4,2,1,1,0.51043
1,9,4,2,1,1,0.52154
1,9,4,2,1,2,0.48373
1,9,4,2,1,2,0.49
1,9,4,2,1,2,0.49205
1,9,4,2,2,1,0.5261
1,9,4,2,2,1,0.5416
1,9,4,2,2,1,0.52567
1,9,4,2,2,2,0.49761
1,9,4,2,2,2,0.49076
1,9,4,2,2,2,0.48831
1,9,4,3,1,1,0.50179
1,9,4,3,1,1,0.52523
1,9,4,3,1,1,0.51906
1,9,4,3,1,2,0.50397
1,9,4,3,1,2,0.47595
1,9,4,3,1,2,0.48535
1,9,4,3,2,1,0.54645
1,9,4,3,2,1,0.51634
1,9,4,3,2,1,0.5045
1,9,4,3,2,2,0.48747
1,9,4,3,2,2,0.4823
1,9,4,3,2,2,0.48739
1,9,7,1,1,1,0.49644
1,9,7,1,1,1,0.51279
1,9,7,1,1,1,0.50492
1,9,7,1,1,2,0.47822
1,9,7,1,1,2,0.48325
1,9,7,1,1,2,0.46851
1,9,7,1,2,1,0.49298
1,9,7,1,2,1,0.48093
1,9,7,1,2,1,0.50431
1,9,7,1,2,2,0.45156
1,9,7,1,2,2,0.44778
1,9,7,1,2,2,0.47447
1,9,7,2,1,1,0.47654
1,9,7,2,1,1,0.49523
1,9,7,2,1,1,0.49602
1,9,7,2,1,2,0.45873
1,9,7,2,1,2,0.45017
1,9,7,2,1,2,0.46264
1,9,7,2,2,1,0.50828
1,9,7,2,2,1,0.49665
1,9,7,2,2,1,0.50396
1,9,7,2,2,2,0.47346
1,9,7,2,2,2,0.4878
1,9,7,2,2,2,0.49638
1,9,7,3,1,1,0.49801
1,9,7,3,1,1,0.49959
1,9,7,3,1,1,0.49752
1,9,7,3,1,2,0.45002
1,9,7,3,1,2,0.45255
1,9,7,3,1,2,0.45104
1,9,7,3,2,1,0.50421
1,9,7,3,2,1,0.49744
1,9,7,3,2,1,0.52692
1,9,7,3,2,2,0.47735
1,9,7,3,2,2,0.5031
1,9,7,3,2,2,0.52223
2,1,1,1,1,1,0.56823
2,1,1,1,1,1,0.5214
2,1,1,1,1,1,0.53319
2,1,1,1,1,2,0.49666
2,1,1,1,1,2,0.51378
2,1,1,1,1,2,0.51428
2,1,1,1,2,1,0.52368
2,1,1,1,2,1,0.53126
2,1,1,1,2,1,0.52876
2,1,1,1,2,2,0.50062
2,1,1,1,2,2,0.49723
2,1,1,1,2,2,0.50137
2,1,1,2,1,1,0.5283
2,1,1,2,1,1,0.54126
2,1,1,2,1,1,0.54837
2,1,1,2,1,2,0.50295
2,1,1,2,1,2,0.52425
2,1,1,2,1,2,0.52008
2,1,1,2,2,1,0.52598
2,1,1,2,2,1,0.4917
2,1,1,2,2,1,0.50158
2,1,1,2,2,2,0.49097
2,1,1,2,2,2,0.50726
2,1,1,2,2,2,0.49611
2,1,1,3,1,1,0.5276
2,1,1,3,1,1,0.5174
2,1,1,3,1,1,0.53863
2,1,1,3,1,2,0.51452
2,1,1,3,1,2,0.51663
2,1,1,3,1,2,0.51298
2,1,1,3,2,1,0.52654
2,1,1,3,2,1,0.45594
2,1,1,3,2,1,0.45073
2,1,1,3,2,2,0.48253
2,1,1,3,2,2,0.46445
2,1,1,3,2,2,0.43038
2,1,4,1,1,1,0.52492
2,1,4,1,1,1,0.51987
2,1,4,1,1,1,0.54934
2,1,4,1,1,2,0.52826
2,1,4,1,1,2,0.5359
2,1,4,1,1,2,0.53668
2,1,4,1,2,1,0.51539
2,1,4,1,2,1,0.53797
2,1,4,1,2,1,0.52124
2,1,4,1,2,2,0.50179
2,1,4,1,2,2,0.52696
2,1,4,1,2,2,0.5208
2,1,4,2,1,1,0.53579
2,1,4,2,1,1,0.51585
2,1,4,2,1,1,0.52101
2,1,4,2,1,2,0.54457
2,1,4,2,1,2,0.50143
2,1,4,2,1,2,0.50286
2,1,4,2,2,1,0.50668
2,1,4,2,2,1,0.51242
2,1,4,2,2,1,0.50881
2,1,4,2,2,2,0.49297
2,1,4,2,2,2,0.5025
2,1,4,2,2,2,0.5066
2,1,4,3,1,1,0.5138
2,1,4,3,1,1,0.52025
2,1,4,3,1,1,0.53456
2,1,4,3,1,2,0.51018
2,1,4,3,1,2,0.50281
2,1,4,3,1,2,0.50695
2,1,4,3,2,1,0.48747
2,1,4,3,2,1,0.49527
2,1,4,3,2,1,0.51999
2,1,4,3,2,2,0.47075
2,1,4,3,2,2,0.46431
2,1,4,3,2,2,0.49678
2,1,7,1,1,1,0.53552
2,1,7,1,1,1,0.5493
2,1,7,1,1,1,0.51036
2,1,7,1,1,2,0.52426
2,1,7,1,1,2,0.51122
2,1,7,1,1,2,0.52903
2,1,7,1,2,1,0.52349
2,1,7,1,2,1,0.52695
2,1,7,1,2,1,0.52885
2,1,7,1,2,2,0.46155
2,1,7,1,2,2,0.47151
2,1,7,1,2,2,0.44782
2,1,7,2,1,1,0.51365
2,1,7,2,1,1,0.51429
2,1,7,2,1,1,0.5048
2,1,7,2,1,2,0.50217
2,1,7,2,1,2,0.52803
2,1,7,2,1,2,0.48679
2,1,7,2,2,1,0.54117
2,1,7,2,2,1,0.51587
2,1,7,2,2,1,0.50808
2,1,7,2,2,2,0.45696
2,1,7,2,2,2,0.42436
2,1,7,2,2,2,0.42419
2,1,7,3,1,1,0.50176
2,1,7,3,1,1,0.49612
2,1,7,3,1,1,0.48181
2,1,7,3,1,2,0.5026
2,1,7,3,1,2,0.50221
2,1,7,3,1,2,0.51198
2,1,7,3,2,1,0.5359
2,1,7,3,2,1,0.55896
2,1,7,3,2,1,0.51996
2,1,7,3,2,2,0.54628
2,1,7,3,2,2,0.56473
2,1,7,3,2,2,0.52444
2,4,1,1,1,1,0.4855
2,4,1,1,1,1,0.51565
2,4,1,1,1,1,0.49996
2,4,1,1,1,2,0.53313
2,4,1,1,1,2,0.53155
2,4,1,1,1,2,0.52084
2,4,1,1,2,1,0.49695
2,4,1,1,2,1,0.52612
2,4,1,1,2,1,0.5035
2,4,1,1,2,2,0.52926
2,4,1,1,2,2,0.51891
2,4,1,1,2,2,0.51576
2,4,1,2,1,1,0.49019
2,4,1,2,1,1,0.49178
2,4,1,2,1,1,0.50361
2,4,1,2,1,2,0.50741
2,4,1,2,1,2,0.50776
2,4,1,2,1,2,0.52593
2,4,1,2,2,1,0.50851
2,4,1,2,2,1,0.50562
2,4,1,2,2,1,0.48898
2,4,1,2,2,2,0.48949
2,4,1,2,2,2,0.50549
2,4,1,2,2,2,0.49803
2,4,1,3,1,1,0.50571
2,4,1,3,1,1,0.50091
2,4,1,3,1,1,0.51606
2,4,1,3,1,2,0.52702
2,4,1,3,1,2,0.51601
2,4,1,3,1,2,0.51453
2,4,1,3,2,1,0.53342
2,4,1,3,2,1,0.50014
2,4,1,3,2,1,0.50574
2,4,1,3,2,2,0.48416
2,4,1,3,2,2,0.49878
2,4,1,3,2,2,0.51018
2,4,4,1,1,1,0.49855
2,4,4,1,1,1,0.50709
2,4,4,1,1,1,0.49907
2,4,4,1,1,2,0.4958
2,4,4,1,1,2,0.49972
2,4,4,1,1,2,0.51094
2,4,4,1,2,1,0.50936
2,4,4,1,2,1,0.48361
2,4,4,1,2,1,0.47741
2,4,4,1,2,2,0.45047
2,4,4,1,2,2,0.47301
2,4,4,1,2,2,0.47538
2,4,4,2,1,1,0.52412
2,4,4,2,1,1,0.50764
2,4,4,2,1,1,0.49693
2,4,4,2,1,2,0.51439
2,4,4,2,1,2,0.50044
2,4,4,2,1,2,0.49239
2,4,4,2,2,1,0.48517
2,4,4,2,2,1,0.47824
2,4,4,2,2,1,0.47041
2,4,4,2,2,2,0.47778
2,4,4,2,2,2,0.46864
2,4,4,2,2,2,0.49097
2,4,4,3,1,1,0.50681
2,4,4,3,1,1,0.5144
2,4,4,3,1,1,0.49351
2,4,4,3,1,2,0.4904
2,4,4,3,1,2,0.47579
2,4,4,3,1,2,0.48983
2,4,4,3,2,1,0.50506
2,4,4,3,2,1,0.50595
2,4,4,3,2,1,0.52139
2,4,4,3,2,2,0.50609
2,4,4,3,2,2,0.51365
2,4,4,3,2,2,0.54941
2,4,7,1,1,1,0.49233
2,4,7,1,1,1,0.49818
2,4,7,1,1,1,0.5033
2,4,7,1,1,2,0.52015
2,4,7,1,1,2,0.52203
2,4,7,1,1,2,0.52198
2,4,7,1,2,1,0.49227
2,4,7,1,2,1,0.4961
2,4,7,1,2,1,0.49655
2,4,7,1,2,2,0.48891
2,4,7,1,2,2,0.4799
2,4,7,1,2,2,0.50268
2,4,7,2,1,1,0.51071
2,4,7,2,1,1,0.50673
2,4,7,2,1,1,0.52955
2,4,7,2,1,2,0.52039
2,4,7,2,1,2,0.4996
2,4,7,2,1,2,0.50193
2,4,7,2,2,1,0.49111
2,4,7,2,2,1,0.48843
2,4,7,2,2,1,0.50086
2,4,7,2,2,2,0.46312
2,4,7,2,2,2,0.48519
2,4,7,2,2,2,0.51659
2,4,7,3,1,1,0.49252
2,4,7,3,1,1,0.53391
2,4,7,3,1,1,0.5026
2,4,7,3,1,2,0.51049
2,4,7,3,1,2,0.51363
2,4,7,3,1,2,0.50007
2,4,7,3,2,1,0.50639
2,4,7,3,2,1,0.5177
2,4,7,3,2,1,0.5171
2,4,7,3,2,2,0.51851
2,4,7,3,2,2,0.51773
2,4,7,3,2,2,0.52765
2,5,1,1,1,1,0.52795
2,5,1,1,1,1,0.51304
2,5,1,1,1,1,0.50458
2,5,1,1,1,2,0.49734
2,5,1,1,1,2,0.5215
2,5,1,1,1,2,0.51131
2,5,1,1,2,1,0.54629
2,5,1,1,2,1,0.53347
2,5,1,1,2,1,0.53968
2,5,1,1,2,2,0.52043
2,5,1,1,2,2,0.52992
2,5,1,1,2,2,0.54577
2,5,1,2,1,1,0.5359
2,5,1,2,1,1,0.53864
2,5,1,2,1,1,0.53163
2,5,1,2,1,2,0.51477
2,5,1,2,1,2,0.50694
2,5,1,2,1,2,0.50812
2,5,1,2,2,1,0.53275
2,5,1,2,2,1,0.52543
2,5,1,2,2,1,0.53125
2,5,1,2,2,2,0.50352
2,5,1,2,2,2,0.50128
2,5,1,2,2,2,0.51028
2,5,1,3,1,1,0.53141
2,5,1,3,1,1,0.52496
2,5,1,3,1,1,0.48994
2,5,1,3,1,2,0.54604
2,5,1,3,1,2,0.53833
2,5,1,3,1,2,0.54485
2,5,1,3,2,1,0.50501
2,5,1,3,2,1,0.51475
2,5,1,3,2,1,0.52642
2,5,1,3,2,2,0.48828
2,5,1,3,2,2,0.47756
2,5,1,3,2,2,0.53483
2,5,4,1,1,1,0.53511
2,5,4,1,1,1,0.54518
2,5,4,1,1,1,0.53424
2,5,4,1,1,2,0.51357
2,5,4,1,1,2,0.50726
2,5,4,1,1,2,0.532
2,5,4,1,2,1,0.53424
2,5,4,1,2,1,0.53107
2,5,4,1,2,1,0.53868
2,5,4,1,2,2,0.53763
2,5,4,1,2,2,0.54943
2,5,4,1,2,2,0.54337
2,5,4,2,1,1,0.53486
2,5,4,2,1,1,0.53436
2,5,4,2,1,1,0.53901
2,5,4,2,1,2,0.5303
2,5,4,2,1,2,0.52543
2,5,4,2,1,2,0.53267
2,5,4,2,2,1,0.53277
2,5,4,2,2,1,0.53247
2,5,4,2,2,1,0.53814
2,5,4,2,2,2,0.54235
2,5,4,2,2,2,0.54159
2,5,4,2,2,2,0.53448
2,5,4,3,1,1,0.53578
2,5,4,3,1,1,0.5338
2,5,4,3,1,1,0.54098
2,5,4,3,1,2,0.53639
2,5,4,3,1,2,0.53203
2,5,4,3,1,2,0.5443
2,5,4,3,2,1,0.51921
2,5,4,3,2,1,0.53498
2,5,4,3,2,1,0.53936
2,5,4,3,2,2,0.52137
2,5,4,3,2,2,0.5205
2,5,4,3,2,2,0.51711
2,5,7,1,1,1,0.53414
2,5,7,1,1,1,0.53335
2,5,7,1,1,1,0.51963
2,5,7,1,1,2,0.51071
2,5,7,1,1,2,0.51974
2,5,7,1,1,2,0.51872
2,5,7,1,2,1,0.51407
2,5,7,1,2,1,0.5094
2,5,7,1,2,1,0.50768
2,5,7,1,2,2,0.52401
2,5,7,1,2,2,0.53213
2,5,7,1,2,2,0.52073
2,5,7,2,1,1,0.53495
2,5,7,2,1,1,0.55135
2,5,7,2,1,1,0.54646
2,5,7,2,1,2,0.50244
2,5,7,2,1,2,0.51481
2,5,7,2,1,2,0.51409
2,5,7,2,2,1,0.5229
2,5,7,2,2,1,0.49989
2,5,7,2,2,1,0.50357
2,5,7,2,2,2,0.494
2,5,7,2,2,2,0.52733
2,5,7,2,2,2,0.52596
2,5,7,3,1,1,0.53855
2,5,7,3,1,1,0.54407
2,5,7,3,1,1,0.51775
2,5,7,3,1,2,0.52789
2,5,7,3,1,2,0.54683
2,5,7,3,1,2,0.54671
2,5,7,3,2,1,0.52645
2,5,7,3,2,1,0.53881
2,5,7,3,2,1,0.52162
2,5,7,3,2,2,0.53319
2,5,7,3,2,2,0.53213
2,5,7,3,2,2,0.53229
2,7,1,1,1,1,0.46412
2,7,1,1,1,1,0.50103
2,7,1,1,1,1,0.49819
2,7,1,1,1,2,0.51908
2,7,1,1,1,2,0.5188
2,7,1,1,1,2,0.52257
2,7,1,1,2,1,0.47609
2,7,1,1,2,1,0.47793
2,7,1,1,2,1,0.46823
2,7,1,1,2,2,0.49415
2,7,1,1,2,2,0.50227
2,7,1,1,2,2,0.49506
2,7,1,2,1,1,0.51103
2,7,1,2,1,1,0.51261
2,7,1,2,1,1,0.51112
2,7,1,2,1,2,0.53188
2,7,1,2,1,2,0.50896
2,7,1,2,1,2,0.53582
2,7,1,2,2,1,0.49323
2,7,1,2,2,1,0.5025
2,7,1,2,2,1,0.49806
2,7,1,2,2,2,0.52419
2,7,1,2,2,2,0.52381
2,7,1,2,2,2,0.50658
2,7,1,3,1,1,0.51712
2,7,1,3,1,1,0.50963
2,7,1,3,1,1,0.51759
2,7,1,3,1,2,0.53127
2,7,1,3,1,2,0.50128
2,7,1,3,1,2,0.52771
2,7,1,3,2,1,0.48085
2,7,1,3,2,1,0.46665
2,7,1,3,2,1,0.4743
2,7,1,3,2,2,0.52156
2,7,1,3,2,2,0.51361
2,7,1,3,2,2,0.49301
2,7,4,1,1,1,0.49018
2,7,4,1,1,1,0.47886
2,7,4,1,1,1,0.48679
2,7,4,1,1,2,0.52044
2,7,4,1,1,2,0.51573
2,7,4,1,1,2,0.53703
2,7,4,1,2,1,0.4742
2,7,4,1,2,1,0.46911
2,7,4,1,2,1,0.4892
2,7,4,1,2,2,0.50091
2,7,4,1,2,2,0.50471
2,7,4,1,2,2,0.5147
2,7,4,2,1,1,0.47473
2,7,4,2,1,1,0.4972
2,7,4,2,1,1,0.48539
2,7,4,2,1,2,0.49728
2,7,4,2,1,2,0.52141
2,7,4,2,1,2,0.51228
2,7,4,2,2,1,0.45806
2,7,4,2,2,1,0.49136
2,7,4,2,2,1,0.48006
2,7,4,2,2,2,0.51351
2,7,4,2,2,2,0.49994
2,7,4,2,2,2,0.48839
2,7,4,3,1,1,0.52061
2,7,4,3,1,1,0.53496
2,7,4,3,1,1,0.50126
2,7,4,3,1,2,0.52499
2,7,4,3,1,2,0.50905
2,7,4,3,1,2,0.51544
2,7,4,3,2,1,0.4871
2,7,4,3,2,1,0.48863
2,7,4,3,2,1,0.47737
2,7,4,3,2,2,0.51378
2,7,4,3,2,2,0.51792
2,7,4,3,2,2,0.52078
2,7,7,1,1,1,0.52222
2,7,7,1,1,1,0.50108
2,7,7,1,1,1,0.51117
2,7,7,1,1,2,0.50541
2,7,7,1,1,2,0.51415
2,7,7,1,1,2,0.52079
2,7,7,1,2,1,0.50592
2,7,7,1,2,1,0.52372
2,7,7,1,2,1,0.51769
2,7,7,1,2,2,0.54949
2,7,7,1,2,2,0.53317
2,7,7,1,2,2,0.5468
2,7,7,2,1,1,0.53191
2,7,7,2,1,1,0.51937
2,7,7,2,1,1,0.54325
2,7,7,2,1,2,0.50687
2,7,7,2,1,2,0.51795
2,7,7,2,1,2,0.50717
2,7,7,2,2,1,0.52479
2,7,7,2,2,1,0.52238
2,7,7,2,2,1,0.52977
2,7,7,2,2,2,0.50345
2,7,7,2,2,2,0.50232
2,7,7,2,2,2,0.50492
2,7,7,3,1,1,0.50632
2,7,7,3,1,1,0.50248
2,7,7,3,1,1,0.49161
2,7,7,3,1,2,0.53309
2,7,7,3,1,2,0.51912
2,7,7,3,1,2,0.52373
2,7,7,3,2,1,0.51079
2,7,7,3,2,1,0.49672
2,7,7,3,2,1,0.50074
2,7,7,3,2,2,0.5246
2,7,7,3,2,2,0.52517
2,7,7,3,2,2,0.51984
2,10,1,1,1,1,0.49718
2,10,1,1,1,1,0.49152
2,10,1,1,1,1,0.48945
2,10,1,1,1,2,0.49927
2,10,1,1,1,2,0.49544
2,10,1,1,1,2,0.4971
2,10,1,1,2,1,0.46397
2,10,1,1,2,1,0.50143
2,10,1,1,2,1,0.5124
2,10,1,1,2,2,0.48679
2,10,1,1,2,2,0.47766
2,10,1,1,2,2,0.50799
2,10,1,2,1,1,0.47645
2,10,1,2,1,1,0.52812
2,10,1,2,1,1,0.51316
2,10,1,2,1,2,0.47967
2,10,1,2,1,2,0.53132
2,10,1,2,1,2,0.5027
2,10,1,2,2,1,0.50892
2,10,1,2,2,1,0.49741
2,10,1,2,2,1,0.48254
2,10,1,2,2,2,0.51134
2,10,1,2,2,2,0.47581
2,10,1,2,2,2,0.46866
2,10,1,3,1,1,0.49625
2,10,1,3,1,1,0.50063
2,10,1,3,1,1,0.51435
2,10,1,3,1,2,0.50334
2,10,1,3,1,2,0.48999
2,10,1,3,1,2,0.52415
2,10,1,3,2,1,0.48815
2,10,1,3,2,1,0.50146
2,10,1,3,2,1,0.49542
2,10,1,3,2,2,0.46966
2,10,1,3,2,2,0.52127
2,10,1,3,2,2,0.4772
2,10,4,1,1,1,0.50215
2,10,4,1,1,1,0.5065
2,10,4,1,1,1,0.50055
2,10,4,1,1,2,0.50007
2,10,4,1,1,2,0.49152
2,10,4,1,1,2,0.49554
2,10,4,1,2,1,0.52895
2,10,4,1,2,1,0.53853
2,10,4,1,2,1,0.51452
2,10,4,1,2,2,0.52183
2,10,4,1,2,2,0.53527
2,10,4,1,2,2,0.49744
2,10,4,2,1,1,0.53442
2,10,4,2,1,1,0.50426
2,10,4,2,1,1,0.54251
2,10,4,2,1,2,0.51532
2,10,4,2,1,2,0.49486
2,10,4,2,1,2,0.48997
2,10,4,2,2,1,0.51877
2,10,4,2,2,1,0.50531
2,10,4,2,2,1,0.53756
2,10,4,2,2,2,0.50691
2,10,4,2,2,2,0.49079
2,10,4,2,2,2,0.51433
2,10,4,3,1,1,0.52357
2,10,4,3,1,1,0.51792
2,10,4,3,1,1,0.5157
2,10,4,3,1,2,0.50995
2,10,4,3,1,2,0.4985
2,10,4,3,1,2,0.47508
2,10,4,3,2,1,0.50331
2,10,4,3,2,1,0.50134
2,10,4,3,2,1,0.50701
2,10,4,3,2,2,0.51042
2,10,4,3,2,2,0.49663
2,10,4,3,2,2,0.51502
2,10,7,1,1,1,0.50603
2,10,7,1,1,1,0.50802
2,10,7,1,1,1,0.50814
2,10,7,1,1,2,0.51079
2,10,7,1,1,2,0.50535
2,10,7,1,1,2,0.48336
2,10,7,1,2,1,0.497
2,10,7,1,2,1,0.46652
2,10,7,1,2,1,0.48473
2,10,7,1,2,2,0.52414
2,10,7,1,2,2,0.49687
2,10,7,1,2,2,0.50507
2,10,7,2,1,1,0.48805
2,10,7,2,1,1,0.50175
2,10,7,2,1,1,0.49422
2,10,7,2,1,2,0.47947
2,10,7,2,1,2,0.48378
2,10,7,2,1,2,0.48706
2,10,7,2,2,1,0.50257
2,10,7,2,2,1,0.51213
2,10,7,2,2,1,0.50267
2,10,7,2,2,2,0.49241
2,10,7,2,2,2,0.49811
2,10,7,2,2,2,0.49304
2,10,7,3,1,1,0.51325
2,10,7,3,1,1,0.49562
2,10,7,3,1,1,0.49508
2,10,7,3,1,2,0.48965
2,10,7,3,1,2,0.4794
2,10,7,3,1,2,0.48871
2,10,7,3,2,1,0.50875
2,10,7,3,2,1,0.5136
2,10,7,3,2,1,0.51319
2,10,7,3,2,2,0.54679
2,10,7,3,2,2,0.52978
2,10,7,3,2,2,0.50708
