group , participant , session , IDRight , IDLeft , hand , value
1,2,1,1,1,1,0.50434
1,2,1,1,1,1,0.48188
1,2,1,1,1,1,0.50285
1,2,1,1,1,2,0.51875
1,2,1,1,1,2,0.50454
1,2,1,1,1,2,0.5167
1,2,1,1,2,1,0.4937
1,2,1,1,2,1,0.50052
1,2,1,1,2,1,0.48146
1,2,1,1,2,2,0.50372
1,2,1,1,2,2,0.49158
1,2,1,1,2,2,0.48894
1,2,1,2,1,1,0.50067
1,2,1,2,1,1,0.49648
1,2,1,2,1,1,0.49485
1,2,1,2,1,2,0.51988
1,2,1,2,1,2,0.53738
1,2,1,2,1,2,0.53023
1,2,1,2,2,1,0.51583
1,2,1,2,2,1,0.50632
1,2,1,2,2,1,0.49863
1,2,1,2,2,2,0.50059
1,2,1,2,2,2,0.49769
1,2,1,2,2,2,0.49557
1,2,1,3,1,1,0.48517
1,2,1,3,1,1,0.48644
1,2,1,3,1,1,0.49392
1,2,1,3,1,2,0.49805
1,2,1,3,1,2,0.53655
1,2,1,3,1,2,0.52006
1,2,1,3,2,1,0.50563
1,2,1,3,2,1,0.53324
1,2,1,3,2,1,0.50617
1,2,1,3,2,2,0.52516
1,2,1,3,2,2,0.52923
1,2,1,3,2,2,0.52105
1,2,4,1,1,1,0.50319
1,2,4,1,1,1,0.50043
1,2,4,1,1,1,0.51816
1,2,4,1,1,2,0.51028
1,2,4,1,1,2,0.53369
1,2,4,1,1,2,0.52672
1,2,4,1,2,1,0.4726
1,2,4,1,2,1,0.49692
1,2,4,1,2,1,0.48485
1,2,4,1,2,2,0.48734
1,2,4,1,2,2,0.50916
1,2,4,1,2,2,0.49157
1,2,4,2,1,1,0.4762
1,2,4,2,1,1,0.49355
1,2,4,2,1,1,0.49855
1,2,4,2,1,2,0.54419
1,2,4,2,1,2,0.54032
1,2,4,2,1,2,0.52976
1,2,4,2,2,1,0.47869
1,2,4,2,2,1,0.46779
1,2,4,2,2,1,0.48349
1,2,4,2,2,2,0.50612
1,2,4,2,2,2,0.49321
1,2,4,2,2,2,0.48632
1,2,4,3,1,1,0.51029
1,2,4,3,1,1,0.50674
1,2,4,3,1,1,0.48708
1,2,4,3,1,2,0.50787
1,2,4,3,1,2,0.49791
1,2,4,3,1,2,0.49925
1,2,4,3,2,1,0.49683
1,2,4,3,2,1,0.48327
1,2,4,3,2,1,0.49597
1,2,4,3,2,2,0.51351
1,2,4,3,2,2,0.49456
1,2,4,3,2,2,0.51705
1,2,7,1,1,1,0.49443
1,2,7,1,1,1,0.4893
1,2,7,1,1,1,0.49552
1,2,7,1,1,2,0.52614
1,2,7,1,1,2,0.52054
1,2,7,1,1,2,0.51912
1,2,7,1,2,1,0.50399
1,2,7,1,2,1,0.49664
1,2,7,1,2,1,0.48263
1,2,7,1,2,2,0.49975
1,2,7,1,2,2,0.49578
1,2,7,1,2,2,0.48535
1,2,7,2,1,1,0.4965
1,2,7,2,1,1,0.49429
1,2,7,2,1,1,0.50779
1,2,7,2,1,2,0.5362
1,2,7,2,1,2,0.51416
1,2,7,2,1,2,0.53496
1,2,7,2,2,1,0.51787
1,2,7,2,2,1,0.51745
1,2,7,2,2,1,0.50596
1,2,7,2,2,2,0.51048
1,2,7,2,2,2,0.50998
1,2,7,2,2,2,0.51135
1,2,7,3,1,1,0.50896
1,2,7,3,1,1,0.4968
1,2,7,3,1,1,0.4938
1,2,7,3,1,2,0.5054
1,2,7,3,1,2,0.52012
1,2,7,3,1,2,0.52143
1,2,7,3,2,1,0.47035
1,2,7,3,2,1,0.4767
1,2,7,3,2,1,0.48572
1,2,7,3,2,2,0.48516
1,2,7,3,2,2,0.48742
1,2,7,3,2,2,0.48768
1,3,1,1,1,1,0.48684
1,3,1,1,1,1,0.49042
1,3,1,1,1,1,0.48441
1,3,1,1,1,2,0.48282
1,3,1,1,1,2,0.47567
1,3,1,1,1,2,0.46501
1,3,1,1,2,1,0.50242
1,3,1,1,2,1,0.49771
1,3,1,1,2,1,0.49596
1,3,1,1,2,2,0.47306
1,3,1,1,2,2,0.49688
1,3,1,1,2,2,0.47804
1,3,1,2,1,1,0.50924
1,3,1,2,1,1,0.48131
1,3,1,2,1,1,0.4953
1,3,1,2,1,2,0.49032
1,3,1,2,1,2,0.4784
1,3,1,2,1,2,0.48669
1,3,1,2,2,1,0.49677
1,3,1,2,2,1,0.48641
1,3,1,2,2,1,0.49517
1,3,1,2,2,2,0.48102
1,3,1,2,2,2,0.47914
1,3,1,2,2,2,0.47541
1,3,1,3,1,1,0.48059
1,3,1,3,1,1,0.49689
1,3,1,3,1,1,0.49143
1,3,1,3,1,2,0.47329
1,3,1,3,1,2,0.46267
1,3,1,3,1,2,0.47477
1,3,1,3,2,1,0.49353
1,3,1,3,2,1,0.4711
1,3,1,3,2,1,0.46625
1,3,1,3,2,2,0.47247
1,3,1,3,2,2,0.47866
1,3,1,3,2,2,0.44827
1,3,4,1,1,1,0.48715
1,3,4,1,1,1,0.48203
1,3,4,1,1,1,0.47052
1,3,4,1,1,2,0.47772
1,3,4,1,1,2,0.48595
1,3,4,1,1,2,0.50073
1,3,4,1,2,1,0.50364
1,3,4,1,2,1,0.53274
1,3,4,1,2,1,0.48624
1,3,4,1,2,2,0.49366
1,3,4,1,2,2,0.4994
1,3,4,1,2,2,0.4889
1,3,4,2,1,1,0.5015
1,3,4,2,1,1,0.49383
1,3,4,2,1,1,0.46208
1,3,4,2,1,2,0.50107
1,3,4,2,1,2,0.49823
1,3,4,2,1,2,0.507
1,3,4,2,2,1,0.49187
1,3,4,2,2,1,0.50947
1,3,4,2,2,1,0.48959
1,3,4,2,2,2,0.48867
1,3,4,2,2,2,0.49894
1,3,4,2,2,2,0.50999
1,3,4,3,1,1,0.47912
1,3,4,3,1,1,0.47813
1,3,4,3,1,1,0.47274
1,3,4,3,1,2,0.49034
1,3,4,3,1,2,0.48324
1,3,4,3,1,2,0.50148
1,3,4,3,2,1,0.4686
1,3,4,3,2,1,0.45778
1,3,4,3,2,1,0.45905
1,3,4,3,2,2,0.47533
1,3,4,3,2,2,0.49535
1,3,4,3,2,2,0.48848
1,3,7,1,1,1,0.48419
1,3,7,1,1,1,0.48552
1,3,7,1,1,1,0.50188
1,3,7,1,1,2,0.47993
1,3,7,1,1,2,0.482
1,3,7,1,1,2,0.48168
1,3,7,1,2,1,0.49465
1,3,7,1,2,1,0.50434
1,3,7,1,2,1,0.50709
1,3,7,1,2,2,0.50311
1,3,7,1,2,2,0.48322
1,3,7,1,2,2,0.49758
1,3,7,2,1,1,0.51091
1,3,7,2,1,1,0.50566
1,3,7,2,1,1,0.50537
1,3,7,2,1,2,0.49709
1,3,7,2,1,2,0.49048
1,3,7,2,1,2,0.47214
1,3,7,2,2,1,0.49589
1,3,7,2,2,1,0.50964
1,3,7,2,2,1,0.50342
1,3,7,2,2,2,0.49485
1,3,7,2,2,2,0.48361
1,3,7,2,2,2,0.49818
1,3,7,3,1,1,0.49474
1,3,7,3,1,1,0.50307
1,3,7,3,1,1,0.48604
1,3,7,3,1,2,0.47335
1,3,7,3,1,2,0.4984
1,3,7,3,1,2,0.47727
1,3,7,3,2,1,0.43601
1,3,7,3,2,1,0.4281
1,3,7,3,2,1,0.42969
1,3,7,3,2,2,0.46095
1,3,7,3,2,2,0.45009
1,3,7,3,2,2,0.43592
1,6,1,1,1,1,0.47611
1,6,1,1,1,1,0.46063
1,6,1,1,1,1,0.48056
1,6,1,1,1,2,0.49703
1,6,1,1,1,2,0.48205
1,6,1,1,1,2,0.49987
1,6,1,1,2,1,0.48919
1,6,1,1,2,1,0.49197
1,6,1,1,2,1,0.48614
1,6,1,1,2,2,0.50188
1,6,1,1,2,2,0.50889
1,6,1,1,2,2,0.48586
1,6,1,2,1,1,0.48798
1,6,1,2,1,1,0.46593
1,6,1,2,1,1,0.47548
1,6,1,2,1,2,0.49555
1,6,1,2,1,2,0.4898
1,6,1,2,1,2,0.50616
1,6,1,2,2,1,0.49165
1,6,1,2,2,1,0.49697
1,6,1,2,2,1,0.50431
1,6,1,2,2,2,0.51913
1,6,1,2,2,2,0.5311
1,6,1,2,2,2,0.52546
1,6,1,3,1,1,0.48872
1,6,1,3,1,1,0.48323
1,6,1,3,1,1,0.47844
1,6,1,3,1,2,0.49382
1,6,1,3,1,2,0.48694
1,6,1,3,1,2,0.49235
1,6,1,3,2,1,0.50017
1,6,1,3,2,1,0.52089
1,6,1,3,2,1,0.50563
1,6,1,3,2,2,0.50517
1,6,1,3,2,2,0.55733
1,6,1,3,2,2,0.53613
1,6,4,1,1,1,0.49976
1,6,4,1,1,1,0.50147
1,6,4,1,1,1,0.48428
1,6,4,1,1,2,0.49435
1,6,4,1,1,2,0.48861
1,6,4,1,1,2,0.49232
1,6,4,1,2,1,0.49964
1,6,4,1,2,1,0.50728
1,6,4,1,2,1,0.52943
1,6,4,1,2,2,0.5095
1,6,4,1,2,2,0.50116
1,6,4,1,2,2,0.50275
1,6,4,2,1,1,0.49659
1,6,4,2,1,1,0.50378
1,6,4,2,1,1,0.5073
1,6,4,2,1,2,0.50911
1,6,4,2,1,2,0.48214
1,6,4,2,1,2,0.50738
1,6,4,2,2,1,0.54312
1,6,4,2,2,1,0.54981
1,6,4,2,2,1,0.52222
1,6,4,2,2,2,0.52777
1,6,4,2,2,2,0.5243
1,6,4,2,2,2,0.50818
1,6,4,3,1,1,0.49504
1,6,4,3,1,1,0.5087
1,6,4,3,1,1,0.51537
1,6,4,3,1,2,0.48207
1,6,4,3,1,2,0.49333
1,6,4,3,1,2,0.50099
1,6,4,3,2,1,0.54443
1,6,4,3,2,1,0.5305
1,6,4,3,2,1,0.53389
1,6,4,3,2,2,0.52472
1,6,4,3,2,2,0.51706
1,6,4,3,2,2,0.52432
1,6,7,1,1,1,0.50315
1,6,7,1,1,1,0.50651
1,6,7,1,1,1,0.49851
1,6,7,1,1,2,0.486
1,6,7,1,1,2,0.52059
1,6,7,1,1,2,0.49186
1,6,7,1,2,1,0.52004
1,6,7,1,2,1,0.53071
1,6,7,1,2,1,0.53054
1,6,7,1,2,2,0.51421
1,6,7,1,2,2,0.52091
1,6,7,1,2,2,0.52206
1,6,7,2,1,1,0.50167
1,6,7,2,1,1,0.49961
1,6,7,2,1,1,0.50694
1,6,7,2,1,2,0.49804
1,6,7,2,1,2,0.49518
1,6,7,2,1,2,0.5095
1,6,7,2,2,1,0.56128
1,6,7,2,2,1,0.55512
1,6,7,2,2,1,0.5549
1,6,7,2,2,2,0.52595
1,6,7,2,2,2,0.51992
1,6,7,2,2,2,0.51463
1,6,7,3,1,1,0.50609
1,6,7,3,1,1,0.49972
1,6,7,3,1,1,0.50759
1,6,7,3,1,2,0.51033
1,6,7,3,1,2,0.5065
1,6,7,3,1,2,0.50049
1,6,7,3,2,1,0.54679
1,6,7,3,2,1,0.55179
1,6,7,3,2,1,0.53747
1,6,7,3,2,2,0.54368
1,6,7,3,2,2,0.52272
1,6,7,3,2,2,0.52396
1,8,1,1,1,1,0.4663
1,8,1,1,1,1,0.46731
1,8,1,1,1,1,0.46501
1,8,1,1,1,2,0.50272
1,8,1,1,1,2,0.50077
1,8,1,1,1,2,0.49434
1,8,1,1,2,1,0.47254
1,8,1,1,2,1,0.46352
1,8,1,1,2,1,0.47696
1,8,1,1,2,2,0.52274
1,8,1,1,2,2,0.52607
1,8,1,1,2,2,0.51682
1,8,1,2,1,1,0.46737
1,8,1,2,1,1,0.4737
1,8,1,2,1,1,0.47485
1,8,1,2,1,2,0.50031
1,8,1,2,1,2,0.49579
1,8,1,2,1,2,0.51346
1,8,1,2,2,1,0.50263
1,8,1,2,2,1,0.49334
1,8,1,2,2,1,0.51571
1,8,1,2,2,2,0.54865
1,8,1,2,2,2,0.54174
1,8,1,2,2,2,0.56878
1,8,1,3,1,1,0.49807
1,8,1,3,1,1,0.50436
1,8,1,3,1,1,0.49214
1,8,1,3,1,2,0.50655
1,8,1,3,1,2,0.5052
1,8,1,3,1,2,0.49355
1,8,1,3,2,1,0.49265
1,8,1,3,2,1,0.46919
1,8,1,3,2,1,0.49966
1,8,1,3,2,2,0.53312
1,8,1,3,2,2,0.5247
1,8,1,3,2,2,0.52109
1,8,4,1,1,1,0.49009
1,8,4,1,1,1,0.47916
1,8,4,1,1,1,0.48241
1,8,4,1,1,2,0.52133
1,8,4,1,1,2,0.4891
1,8,4,1,1,2,0.51816
1,8,4,1,2,1,0.48356
1,8,4,1,2,1,0.48791
1,8,4,1,2,1,0.46917
1,8,4,1,2,2,0.53747
1,8,4,1,2,2,0.5325
1,8,4,1,2,2,0.52686
1,8,4,2,1,1,0.48941
1,8,4,2,1,1,0.48417
1,8,4,2,1,1,0.49185
1,8,4,2,1,2,0.52879
1,8,4,2,1,2,0.52136
1,8,4,2,1,2,0.52719
1,8,4,2,2,1,0.53255
1,8,4,2,2,1,0.5273
1,8,4,2,2,1,0.53044
1,8,4,2,2,2,0.5721
1,8,4,2,2,2,0.57366
1,8,4,2,2,2,0.57701
1,8,4,3,1,1,0.48731
1,8,4,3,1,1,0.49629
1,8,4,3,1,1,0.49302
1,8,4,3,1,2,0.49676
1,8,4,3,1,2,0.53269
1,8,4,3,1,2,0.52862
1,8,4,3,2,1,0.45637
1,8,4,3,2,1,0.46186
1,8,4,3,2,1,0.42607
1,8,4,3,2,2,0.50621
1,8,4,3,2,2,0.509
1,8,4,3,2,2,0.47037
1,8,7,1,1,1,0.50448
1,8,7,1,1,1,0.46949
1,8,7,1,1,1,0.48676
1,8,7,1,1,2,0.52017
1,8,7,1,1,2,0.52298
1,8,7,1,1,2,0.51899
1,8,7,1,2,1,0.51465
1,8,7,1,2,1,0.4835
1,8,7,1,2,1,0.4859
1,8,7,1,2,2,0.51925
1,8,7,1,2,2,0.50791
1,8,7,1,2,2,0.51151
1,8,7,2,1,1,0.47634
1,8,7,2,1,1,0.49071
1,8,7,2,1,1,0.48229
1,8,7,2,1,2,0.50926
1,8,7,2,1,2,0.51365
1,8,7,2,1,2,0.51592
1,8,7,2,2,1,0.50531
1,8,7,2,2,1,0.51412
1,8,7,2,2,1,0.49753
1,8,7,2,2,2,0.51456
1,8,7,2,2,2,0.51963
1,8,7,2,2,2,0.5309
1,8,7,3,1,1,0.49894
1,8,7,3,1,1,0.49693
1,8,7,3,1,1,0.49868
1,8,7,3,1,2,0.50883
1,8,7,3,1,2,0.51823
1,8,7,3,1,2,0.54079
1,8,7,3,2,1,0.46442
1,8,7,3,2,1,0.4332
1,8,7,3,2,1,0.43882
1,8,7,3,2,2,0.49398
1,8,7,3,2,2,0.50105
1,8,7,3,2,2,0.48066
1,9,1,1,1,1,0.48872
1,9,1,1,1,1,0.50326
1,9,1,1,1,1,0.48671
1,9,1,1,1,2,0.49363
1,9,1,1,1,2,0.50133
1,9,1,1,1,2,0.48731
1,9,1,1,2,1,0.46866
1,9,1,1,2,1,0.50116
1,9,1,1,2,1,0.51015
1,9,1,1,2,2,0.49014
1,9,1,1,2,2,0.50801
1,9,1,1,2,2,0.51172
1,9,1,2,1,1,0.50055
1,9,1,2,1,1,0.5021
1,9,1,2,1,1,0.4896
1,9,1,2,1,2,0.5102
1,9,1,2,1,2,0.485
1,9,1,2,1,2,0.50249
1,9,1,2,2,1,0.50838
1,9,1,2,2,1,0.49751
1,9,1,2,2,1,0.48739
1,9,1,2,2,2,0.5263
1,9,1,2,2,2,0.50228
1,9,1,2,2,2,0.50015
1,9,1,3,1,1,0.48793
1,9,1,3,1,1,0.50447
1,9,1,3,1,1,0.48674
1,9,1,3,1,2,0.51214
1,9,1,3,1,2,0.50516
1,9,1,3,1,2,0.4973
1,9,1,3,2,1,0.47844
1,9,1,3,2,1,0.47346
1,9,1,3,2,1,0.48857
1,9,1,3,2,2,0.5119
1,9,1,3,2,2,0.50509
1,9,1,3,2,2,0.51799
1,9,4,1,1,1,0.48334
1,9,4,1,1,1,0.49366
1,9,4,1,1,1,0.49239
1,9,4,1,1,2,0.52881
1,9,4,1,1,2,0.52484
1,9,4,1,1,2,0.52249
1,9,4,1,2,1,0.49386
1,9,4,1,2,1,0.47387
1,9,4,1,2,1,0.4846
1,9,4,1,2,2,0.49576
1,9,4,1,2,2,0.5131
1,9,4,1,2,2,0.49856
1,9,4,2,1,1,0.48654
1,9,4,2,1,1,0.49044
1,9,4,2,1,1,0.47927
1,9,4,2,1,2,0.51716
1,9,4,2,1,2,0.51087
1,9,4,2,1,2,0.50875
1,9,4,2,2,1,0.47601
1,9,4,2,2,1,0.46033
1,9,4,2,2,1,0.47634
1,9,4,2,2,2,0.50449
1,9,4,2,2,2,0.51115
1,9,4,2,2,2,0.5137
1,9,4,3,1,1,0.49906
1,9,4,3,1,1,0.4757
1,9,4,3,1,1,0.48193
1,9,4,3,1,2,0.49688
1,9,4,3,1,2,0.52498
1,9,4,3,1,2,0.51564
1,9,4,3,2,1,0.45708
1,9,4,3,2,1,0.48709
1,9,4,3,2,1,0.49871
1,9,4,3,2,2,0.51607
1,9,4,3,2,2,0.52112
1,9,4,3,2,2,0.51581
1,9,7,1,1,1,0.50427
1,9,7,1,1,1,0.48823
1,9,7,1,1,1,0.49577
1,9,7,1,1,2,0.52249
1,9,7,1,1,2,0.51742
1,9,7,1,1,2,0.53218
1,9,7,1,2,1,0.50796
1,9,7,1,2,1,0.52013
1,9,7,1,2,1,0.4967
1,9,7,1,2,2,0.54938
1,9,7,1,2,2,0.55311
1,9,7,1,2,2,0.52654
1,9,7,2,1,1,0.52428
1,9,7,2,1,1,0.50559
1,9,7,2,1,1,0.50525
1,9,7,2,1,2,0.54208
1,9,7,2,1,2,0.55064
1,9,7,2,1,2,0.53822
1,9,7,2,2,1,0.49364
1,9,7,2,2,1,0.50521
1,9,7,2,2,1,0.49822
1,9,7,2,2,2,0.52847
1,9,7,2,2,2,0.51406
1,9,7,2,2,2,0.50581
1,9,7,3,1,1,0.50291
1,9,7,3,1,1,0.50135
1,9,7,3,1,1,0.50341
1,9,7,3,1,2,0.55091
1,9,7,3,1,2,0.54839
1,9,7,3,1,2,0.54989
1,9,7,3,2,1,0.49913
1,9,7,3,2,1,0.50615
1,9,7,3,2,1,0.4773
1,9,7,3,2,2,0.52599
1,9,7,3,2,2,0.5005
1,9,7,3,2,2,0.48198
2,1,1,1,1,1,0.43239
2,1,1,1,1,1,0.47952
2,1,1,1,1,1,0.4672
2,1,1,1,1,2,0.50496
2,1,1,1,1,2,0.48831
2,1,1,1,1,2,0.48705
2,1,1,1,2,1,0.47715
2,1,1,1,2,1,0.46979
2,1,1,1,2,1,0.47202
2,1,1,1,2,2,0.50077
2,1,1,1,2,2,0.50352
2,1,1,1,2,2,0.50023
2,1,1,2,1,1,0.47275
2,1,1,2,1,1,0.45936
2,1,1,2,1,1,0.45292
2,1,1,2,1,2,0.49854
2,1,1,2,1,2,0.47732
2,1,1,2,1,2,0.48113
2,1,1,2,2,1,0.47523
2,1,1,2,2,1,0.50955
2,1,1,2,2,1,0.49958
2,1,1,2,2,2,0.51056
2,1,1,2,2,2,0.49508
2,1,1,2,2,2,0.50506
2,1,1,3,1,1,0.47347
2,1,1,3,1,1,0.48494
2,1,1,3,1,1,0.46207
2,1,1,3,1,2,0.48738
2,1,1,3,1,2,0.48568
2,1,1,3,1,2,0.48836
2,1,1,3,2,1,0.47578
2,1,1,3,2,1,0.54601
2,1,1,3,2,1,0.5517
2,1,1,3,2,2,0.5198
2,1,1,3,2,2,0.53751
2,1,1,3,2,2,0.57206
2,1,4,1,1,1,0.47664
2,1,4,1,1,1,0.48075
2,1,4,1,1,1,0.45191
2,1,4,1,1,2,0.47356
2,1,4,1,1,2,0.4666
2,1,4,1,1,2,0.46617
2,1,4,1,2,1,0.48553
2,1,4,1,2,1,0.46289
2,1,4,1,2,1,0.47972
2,1,4,1,2,2,0.49914
2,1,4,1,2,2,0.47447
2,1,4,1,2,2,0.48016
2,1,4,2,1,1,0.46524
2,1,4,2,1,1,0.48545
2,1,4,2,1,1,0.47983
2,1,4,2,1,2,0.45726
2,1,4,2,1,2,0.49997
2,1,4,2,1,2,0.49822
2,1,4,2,2,1,0.49467
2,1,4,2,2,1,0.48887
2,1,4,2,2,1,0.49258
2,1,4,2,2,2,0.50838
2,1,4,2,2,2,0.4988
2,1,4,2,2,2,0.49522
2,1,4,3,1,1,0.487
2,1,4,3,1,1,0.48068
2,1,4,3,1,1,0.46632
2,1,4,3,1,2,0.49106
2,1,4,3,1,2,0.49856
2,1,4,3,1,2,0.49394
2,1,4,3,2,1,0.51448
2,1,4,3,2,1,0.50743
2,1,4,3,2,1,0.48337
2,1,4,3,2,2,0.5312
2,1,4,3,2,2,0.5384
2,1,4,3,2,2,0.50658
2,1,7,1,1,1,0.46523
2,1,7,1,1,1,0.45136
2,1,7,1,1,1,0.49034
2,1,7,1,1,2,0.47782
2,1,7,1,1,2,0.49041
2,1,7,1,1,2,0.47305
2,1,7,1,2,1,0.47832
2,1,7,1,2,1,0.47482
2,1,7,1,2,1,0.47297
2,1,7,1,2,2,0.53993
2,1,7,1,2,2,0.53
2,1,7,1,2,2,0.55474
2,1,7,2,1,1,0.48714
2,1,7,2,1,1,0.48694
2,1,7,2,1,1,0.49609
2,1,7,2,1,2,0.49861
2,1,7,2,1,2,0.47281
2,1,7,2,1,2,0.5141
2,1,7,2,2,1,0.46082
2,1,7,2,2,1,0.48606
2,1,7,2,2,1,0.49381
2,1,7,2,2,2,0.54465
2,1,7,2,2,2,0.57697
2,1,7,2,2,2,0.5775
2,1,7,3,1,1,0.49979
2,1,7,3,1,1,0.50541
2,1,7,3,1,1,0.51921
2,1,7,3,1,2,0.49956
2,1,7,3,1,2,0.49994
2,1,7,3,1,2,0.49032
2,1,7,3,2,1,0.46784
2,1,7,3,2,1,0.44531
2,1,7,3,2,1,0.48378
2,1,7,3,2,2,0.45745
2,1,7,3,2,2,0.43954
2,1,7,3,2,2,0.47929
2,4,1,1,1,1,0.51637
2,4,1,1,1,1,0.48539
2,4,1,1,1,1,0.50147
2,4,1,1,1,2,0.46939
2,4,1,1,1,2,0.47064
2,4,1,1,1,2,0.48129
2,4,1,1,2,1,0.50499
2,4,1,1,2,1,0.47468
2,4,1,1,2,1,0.49733
2,4,1,1,2,2,0.47286
2,4,1,1,2,2,0.48188
2,4,1,1,2,2,0.48508
2,4,1,2,1,1,0.51041
2,4,1,2,1,1,0.5088
2,4,1,2,1,1,0.49695
2,4,1,2,1,2,0.49319
2,4,1,2,1,2,0.49282
2,4,1,2,1,2,0.47463
2,4,1,2,2,1,0.49269
2,4,1,2,2,1,0.49566
2,4,1,2,2,1,0.51233
2,4,1,2,2,2,0.51186
2,4,1,2,2,2,0.49579
2,4,1,2,2,2,0.50328
2,4,1,3,1,1,0.49627
2,4,1,3,1,1,0.49977
2,4,1,3,1,1,0.4846
2,4,1,3,1,2,0.47574
2,4,1,3,1,2,0.48467
2,4,1,3,1,2,0.48613
2,4,1,3,2,1,0.46825
2,4,1,3,2,1,0.50161
2,4,1,3,2,1,0.49675
2,4,1,3,2,2,0.51752
2,4,1,3,2,2,0.50297
2,4,1,3,2,2,0.49232
2,4,4,1,1,1,0.50201
2,4,4,1,1,1,0.49348
2,4,4,1,1,1,0.50235
2,4,4,1,1,2,0.50504
2,4,4,1,1,2,0.50241
2,4,4,1,1,2,0.48965
2,4,4,1,2,1,0.49231
2,4,4,1,2,1,0.51794
2,4,4,1,2,1,0.52408
2,4,4,1,2,2,0.55044
2,4,4,1,2,2,0.52845
2,4,4,1,2,2,0.52548
2,4,4,2,1,1,0.47656
2,4,4,2,1,1,0.49304
2,4,4,2,1,1,0.50375
2,4,4,2,1,2,0.4863
2,4,4,2,1,2,0.50059
2,4,4,2,1,2,0.50829
2,4,4,2,2,1,0.51689
2,4,4,2,2,1,0.52343
2,4,4,2,2,1,0.53131
2,4,4,2,2,2,0.52319
2,4,4,2,2,2,0.53205
2,4,4,2,2,2,0.51014
2,4,4,3,1,1,0.49375
2,4,4,3,1,1,0.48645
2,4,4,3,1,1,0.50708
2,4,4,3,1,2,0.51128
2,4,4,3,1,2,0.52603
2,4,4,3,1,2,0.51195
2,4,4,3,2,1,0.49754
2,4,4,3,2,1,0.49673
2,4,4,3,2,1,0.48229
2,4,4,3,2,2,0.49652
2,4,4,3,2,2,0.48903
2,4,4,3,2,2,0.45427
2,4,7,1,1,1,0.50814
2,4,7,1,1,1,0.50229
2,4,7,1,1,1,0.49766
2,4,7,1,1,2,0.48135
2,4,7,1,1,2,0.47876
2,4,7,1,1,2,0.479
2,4,7,1,2,1,0.50924
2,4,7,1,2,1,0.50544
2,4,7,1,2,1,0.50505
2,4,7,1,2,2,0.5116
2,4,7,1,2,2,0.52061
2,4,7,1,2,2,0.49786
2,4,7,2,1,1,0.49056
2,4,7,2,1,1,0.49372
2,4,7,2,1,1,0.47084
2,4,7,2,1,2,0.4806
2,4,7,2,1,2,0.50158
2,4,7,2,1,2,0.49924
2,4,7,2,2,1,0.51096
2,4,7,2,2,1,0.51335
2,4,7,2,2,1,0.50109
2,4,7,2,2,2,0.53756
2,4,7,2,2,2,0.51541
2,4,7,2,2,2,0.48416
2,4,7,3,1,1,0.50841
2,4,7,3,1,1,0.46713
2,4,7,3,1,1,0.49876
2,4,7,3,1,2,0.49131
2,4,7,3,1,2,0.48802
2,4,7,3,1,2,0.5019
2,4,7,3,2,1,0.49629
2,4,7,3,2,1,0.48555
2,4,7,3,2,1,0.48626
2,4,7,3,2,2,0.48418
2,4,7,3,2,2,0.48553
2,4,7,3,2,2,0.47571
2,5,1,1,1,1,0.47414
2,5,1,1,1,1,0.4875
2,5,1,1,1,1,0.49683
2,5,1,1,1,2,0.50356
2,5,1,1,1,2,0.47994
2,5,1,1,1,2,0.48968
2,5,1,1,2,1,0.45514
2,5,1,1,2,1,0.46856
2,5,1,1,2,1,0.46201
2,5,1,1,2,2,0.48052
2,5,1,1,2,2,0.47134
2,5,1,1,2,2,0.45559
2,5,1,2,1,1,0.46481
2,5,1,2,1,1,0.46184
2,5,1,2,1,1,0.46972
2,5,1,2,1,2,0.48679
2,5,1,2,1,2,0.49416
2,5,1,2,1,2,0.49282
2,5,1,2,2,1,0.46903
2,5,1,2,2,1,0.47617
2,5,1,2,2,1,0.47085
2,5,1,2,2,2,0.50021
2,5,1,2,2,2,0.49991
2,5,1,2,2,2,0.49155
2,5,1,3,1,1,0.4696
2,5,1,3,1,1,0.47558
2,5,1,3,1,1,0.51102
2,5,1,3,1,2,0.4565
2,5,1,3,1,2,0.46405
2,5,1,3,1,2,0.45766
2,5,1,3,2,1,0.49675
2,5,1,3,2,1,0.48726
2,5,1,3,2,1,0.47587
2,5,1,3,2,2,0.51348
2,5,1,3,2,2,0.52445
2,5,1,3,2,2,0.46746
2,5,4,1,1,1,0.46549
2,5,4,1,1,1,0.45623
2,5,4,1,1,1,0.46737
2,5,4,1,1,2,0.48724
2,5,4,1,1,2,0.49336
2,5,4,1,1,2,0.46951
2,5,4,1,2,1,0.46791
2,5,4,1,2,1,0.47134
2,5,4,1,2,1,0.46392
2,5,4,1,2,2,0.46351
2,5,4,1,2,2,0.45171
2,5,4,1,2,2,0.45844
2,5,4,2,1,1,0.46566
2,5,4,2,1,1,0.46728
2,5,4,2,1,1,0.46152
2,5,4,2,1,2,0.47118
2,5,4,2,1,2,0.47606
2,5,4,2,1,2,0.46892
2,5,4,2,2,1,0.46966
2,5,4,2,2,1,0.47003
2,5,4,2,2,1,0.46449
2,5,4,2,2,2,0.459
2,5,4,2,2,2,0.45965
2,5,4,2,2,2,0.46668
2,5,4,3,1,1,0.46631
2,5,4,3,1,1,0.46733
2,5,4,3,1,1,0.4597
2,5,4,3,1,2,0.46595
2,5,4,3,1,2,0.47044
2,5,4,3,1,2,0.45805
2,5,4,3,2,1,0.48331
2,5,4,3,2,1,0.46773
2,5,4,3,2,1,0.46359
2,5,4,3,2,2,0.48116
2,5,4,3,2,2,0.48221
2,5,4,3,2,2,0.48583
2,5,7,1,1,1,0.46781
2,5,7,1,1,1,0.46732
2,5,7,1,1,1,0.48113
2,5,7,1,1,2,0.49007
2,5,7,1,1,2,0.48094
2,5,7,1,1,2,0.48204
2,5,7,1,2,1,0.48872
2,5,7,1,2,1,0.49335
2,5,7,1,2,1,0.49517
2,5,7,1,2,2,0.4785
2,5,7,1,2,2,0.46983
2,5,7,1,2,2,0.48025
2,5,7,2,1,1,0.4665
2,5,7,2,1,1,0.44979
2,5,7,2,1,1,0.45418
2,5,7,2,1,2,0.49884
2,5,7,2,1,2,0.48685
2,5,7,2,1,2,0.48756
2,5,7,2,2,1,0.4802
2,5,7,2,2,1,0.50309
2,5,7,2,2,1,0.49946
2,5,7,2,2,2,0.50752
2,5,7,2,2,2,0.47385
2,5,7,2,2,2,0.47554
2,5,7,3,1,1,0.4624
2,5,7,3,1,1,0.45757
2,5,7,3,1,1,0.48303
2,5,7,3,1,2,0.47428
2,5,7,3,1,2,0.45526
2,5,7,3,1,2,0.45566
2,5,7,3,2,1,0.4773
2,5,7,3,2,1,0.46492
2,5,7,3,2,1,0.48199
2,5,7,3,2,2,0.47056
2,5,7,3,2,2,0.4716
2,5,7,3,2,2,0.47132
2,7,1,1,1,1,0.53721
2,7,1,1,1,1,0.5004
2,7,1,1,1,1,0.50263
2,7,1,1,1,2,0.48384
2,7,1,1,1,2,0.48457
2,7,1,1,1,2,0.47942
2,7,1,1,2,1,0.52474
2,7,1,1,2,1,0.52286
2,7,1,1,2,1,0.53248
2,7,1,1,2,2,0.50686
2,7,1,1,2,2,0.49852
2,7,1,1,2,2,0.50599
2,7,1,2,1,1,0.49088
2,7,1,2,1,1,0.48861
2,7,1,2,1,1,0.48996
2,7,1,2,1,2,0.46983
2,7,1,2,1,2,0.49353
2,7,1,2,1,2,0.46623
2,7,1,2,2,1,0.50807
2,7,1,2,2,1,0.49902
2,7,1,2,2,1,0.5032
2,7,1,2,2,2,0.47711
2,7,1,2,2,2,0.47772
2,7,1,2,2,2,0.49468
2,7,1,3,1,1,0.4836
2,7,1,3,1,1,0.49142
2,7,1,3,1,1,0.48305
2,7,1,3,1,2,0.47044
2,7,1,3,1,2,0.50051
2,7,1,3,1,2,0.47372
2,7,1,3,2,1,0.52173
2,7,1,3,2,1,0.53528
2,7,1,3,2,1,0.52778
2,7,1,3,2,2,0.48103
2,7,1,3,2,2,0.48831
2,7,1,3,2,2,0.50907
2,7,4,1,1,1,0.51106
2,7,4,1,1,1,0.5223
2,7,4,1,1,1,0.51421
2,7,4,1,1,2,0.48301
2,7,4,1,1,2,0.48678
2,7,4,1,1,2,0.46559
2,7,4,1,2,1,0.5268
2,7,4,1,2,1,0.53182
2,7,4,1,2,1,0.5128
2,7,4,1,2,2,0.50156
2,7,4,1,2,2,0.49622
2,7,4,1,2,2,0.48775
2,7,4,2,1,1,0.52625
2,7,4,2,1,1,0.50351
2,7,4,2,1,1,0.5162
2,7,4,2,1,2,0.5054
2,7,4,2,1,2,0.48301
2,7,4,2,1,2,0.48985
2,7,4,2,2,1,0.54367
2,7,4,2,2,1,0.51052
2,7,4,2,2,1,0.52217
2,7,4,2,2,2,0.48816
2,7,4,2,2,2,0.50193
2,7,4,2,2,2,0.51384
2,7,4,3,1,1,0.48069
2,7,4,3,1,1,0.46716
2,7,4,3,1,1,0.4995
2,7,4,3,1,2,0.47723
2,7,4,3,1,2,0.4932
2,7,4,3,1,2,0.48673
2,7,4,3,2,1,0.51596
2,7,4,3,2,1,0.51426
2,7,4,3,2,1,0.52544
2,7,4,3,2,2,0.48926
2,7,4,3,2,2,0.48496
2,7,4,3,2,2,0.48203
2,7,7,1,1,1,0.47975
2,7,7,1,1,1,0.49987
2,7,7,1,1,1,0.49076
2,7,7,1,1,2,0.49892
2,7,7,1,1,2,0.48958
2,7,7,1,1,2,0.48046
2,7,7,1,2,1,0.49588
2,7,7,1,2,1,0.47807
2,7,7,1,2,1,0.48401
2,7,7,1,2,2,0.45249
2,7,7,1,2,2,0.46905
2,7,7,1,2,2,0.45535
2,7,7,2,1,1,0.46884
2,7,7,2,1,1,0.48116
2,7,7,2,1,1,0.45751
2,7,7,2,1,2,0.49447
2,7,7,2,1,2,0.48339
2,7,7,2,1,2,0.49425
2,7,7,2,2,1,0.47701
2,7,7,2,2,1,0.47954
2,7,7,2,2,1,0.47244
2,7,7,2,2,2,0.49793
2,7,7,2,2,2,0.49896
2,7,7,2,2,2,0.49642
2,7,7,3,1,1,0.49496
2,7,7,3,1,1,0.49885
2,7,7,3,1,1,0.50954
2,7,7,3,1,2,0.469
2,7,7,3,1,2,0.48304
2,7,7,3,1,2,0.47842
2,7,7,3,2,1,0.49251
2,7,7,3,2,1,0.5074
2,7,7,3,2,1,0.50312
2,7,7,3,2,2,0.4787
2,7,7,3,2,2,0.47895
2,7,7,3,2,2,0.48402
2,10,1,1,1,1,0.50367
2,10,1,1,1,1,0.50982
2,10,1,1,1,1,0.51152
2,10,1,1,1,2,0.50244
2,10,1,1,1,2,0.50549
2,10,1,1,1,2,0.50393
2,10,1,1,2,1,0.5376
2,10,1,1,2,1,0.49961
2,10,1,1,2,1,0.4883
2,10,1,1,2,2,0.51574
2,10,1,1,2,2,0.52369
2,10,1,1,2,2,0.493
2,10,1,2,1,1,0.52506
2,10,1,2,1,1,0.47236
2,10,1,2,1,1,0.4873
2,10,1,2,1,2,0.52271
2,10,1,2,1,2,0.46916
2,10,1,2,1,2,0.49919
2,10,1,2,2,1,0.49197
2,10,1,2,2,1,0.50335
2,10,1,2,2,1,0.51825
2,10,1,2,2,2,0.48957
2,10,1,2,2,2,0.52494
2,10,1,2,2,2,0.53212
2,10,1,3,1,1,0.50508
2,10,1,3,1,1,0.50102
2,10,1,3,1,1,0.48677
2,10,1,3,1,2,0.49899
2,10,1,3,1,2,0.51104
2,10,1,3,1,2,0.47683
2,10,1,3,2,1,0.51299
2,10,1,3,2,1,0.49976
2,10,1,3,2,1,0.50592
2,10,1,3,2,2,0.53148
2,10,1,3,2,2,0.47995
2,10,1,3,2,2,0.52415
2,10,4,1,1,1,0.50044
2,10,4,1,1,1,0.49561
2,10,4,1,1,1,0.50169
2,10,4,1,1,2,0.50214
2,10,4,1,1,2,0.50905
2,10,4,1,1,2,0.50572
2,10,4,1,2,1,0.47177
2,10,4,1,2,1,0.46301
2,10,4,1,2,1,0.48722
2,10,4,1,2,2,0.48054
2,10,4,1,2,2,0.46668
2,10,4,1,2,2,0.50387
2,10,4,2,1,1,0.46717
2,10,4,2,1,1,0.49754
2,10,4,2,1,1,0.45898
2,10,4,2,1,2,0.48676
2,10,4,2,1,2,0.50668
2,10,4,2,1,2,0.51098
2,10,4,2,2,1,0.48261
2,10,4,2,2,1,0.49655
2,10,4,2,2,1,0.46359
2,10,4,2,2,2,0.49436
2,10,4,2,2,2,0.51064
2,10,4,2,2,2,0.48688
2,10,4,3,1,1,0.47741
2,10,4,3,1,1,0.48373
2,10,4,3,1,1,0.4861
2,10,4,3,1,2,0.49078
2,10,4,3,1,2,0.50245
2,10,4,3,1,2,0.52555
2,10,4,3,2,1,0.49808
2,10,4,3,2,1,0.50015
2,10,4,3,2,1,0.49439
2,10,4,3,2,2,0.49097
2,10,4,3,2,2,0.50485
2,10,4,3,2,2,0.48665
2,10,7,1,1,1,0.49765
2,10,7,1,1,1,0.496
2,10,7,1,1,1,0.49589
2,10,7,1,1,2,0.49236
2,10,7,1,1,2,0.49574
2,10,7,1,1,2,0.51884
2,10,7,1,2,1,0.50526
2,10,7,1,2,1,0.53496
2,10,7,1,2,1,0.51694
2,10,7,1,2,2,0.47983
2,10,7,1,2,2,0.50666
2,10,7,1,2,2,0.49784
2,10,7,2,1,1,0.51456
2,10,7,2,1,1,0.50138
2,10,7,2,1,1,0.50912
2,10,7,2,1,2,0.52402
2,10,7,2,1,2,0.52052
2,10,7,2,1,2,0.51649
2,10,7,2,2,1,0.49859
2,10,7,2,2,1,0.48918
2,10,7,2,2,1,0.49854
2,10,7,2,2,2,0.50949
2,10,7,2,2,2,0.5032
2,10,7,2,2,2,0.50817
2,10,7,3,1,1,0.48929
2,10,7,3,1,1,0.5058
2,10,7,3,1,1,0.50658
2,10,7,3,1,2,0.51381
2,10,7,3,1,2,0.52443
2,10,7,3,1,2,0.51477
2,10,7,3,2,1,0.49286
2,10,7,3,2,1,0.48819
2,10,7,3,2,1,0.48848
2,10,7,3,2,2,0.45481
2,10,7,3,2,2,0.47201
2,10,7,3,2,2,0.4946
