group , participant , session , IDRight , IDLeft , hand , value
1,2,1,1,1,1,22.861
1,2,1,1,1,1,10.319
1,2,1,1,1,1,13.183
1,2,1,1,1,2,8.3698
1,2,1,1,1,2,8.5537
1,2,1,1,1,2,9.4411
1,2,1,1,2,1,4.8517
1,2,1,1,2,1,3.7529
1,2,1,1,2,1,5.9499
1,2,1,1,2,2,14.326
1,2,1,1,2,2,10.406
1,2,1,1,2,2,8.8794
1,2,1,2,1,1,17.758
1,2,1,2,1,1,5.7082
1,2,1,2,1,1,9.5875
1,2,1,2,1,2,5.6176
1,2,1,2,1,2,5.0639
1,2,1,2,1,2,4.7299
1,2,1,2,2,1,3.6497
1,2,1,2,2,1,3.5617
1,2,1,2,2,1,4.9354
1,2,1,2,2,2,8.2392
1,2,1,2,2,2,4.8642
1,2,1,2,2,2,5.0893
1,2,1,3,1,1,6.5223
1,2,1,3,1,1,11.561
1,2,1,3,1,1,4.0485
1,2,1,3,1,2,3.8525
1,2,1,3,1,2,6.1871
1,2,1,3,1,2,2.9717
1,2,1,3,2,1,4.6437
1,2,1,3,2,1,4.7855
1,2,1,3,2,1,12.272
1,2,1,3,2,2,7.8309
1,2,1,3,2,2,6.755
1,2,1,3,2,2,10.651
1,2,4,1,1,1,23.815
1,2,4,1,1,1,20.02
1,2,4,1,1,1,12.838
1,2,4,1,1,2,23.478
1,2,4,1,1,2,11.907
1,2,4,1,1,2,6.517
1,2,4,1,2,1,4.5965
1,2,4,1,2,1,4.6044
1,2,4,1,2,1,4.4065
1,2,4,1,2,2,7.6055
1,2,4,1,2,2,5.9474
1,2,4,1,2,2,10.03
1,2,4,2,1,1,12.22
1,2,4,2,1,1,5.0388
1,2,4,2,1,1,11.251
1,2,4,2,1,2,12.725
1,2,4,2,1,2,4.0348
1,2,4,2,1,2,5.2421
1,2,4,2,2,1,7.1927
1,2,4,2,2,1,9.2886
1,2,4,2,2,1,9.7388
1,2,4,2,2,2,8.9695
1,2,4,2,2,2,11.262
1,2,4,2,2,2,12.115
1,2,4,3,1,1,7.2518
1,2,4,3,1,1,6.2929
1,2,4,3,1,1,5.757
1,2,4,3,1,2,8.5003
1,2,4,3,1,2,7.4843
1,2,4,3,1,2,5.7478
1,2,4,3,2,1,11.414
1,2,4,3,2,1,11.603
1,2,4,3,2,1,10.447
1,2,4,3,2,2,10.77
1,2,4,3,2,2,14.776
1,2,4,3,2,2,12.102
1,2,7,1,1,1,11.964
1,2,7,1,1,1,11.329
1,2,7,1,1,1,14.7
1,2,7,1,1,2,7.8669
1,2,7,1,1,2,8.7856
1,2,7,1,1,2,14.47
1,2,7,1,2,1,5.0653
1,2,7,1,2,1,5.6295
1,2,7,1,2,1,4.2768
1,2,7,1,2,2,11.626
1,2,7,1,2,2,8.4684
1,2,7,1,2,2,13.03
1,2,7,2,1,1,10.498
1,2,7,2,1,1,5.4569
1,2,7,2,1,1,7.8912
1,2,7,2,1,2,7.9888
1,2,7,2,1,2,5.3894
1,2,7,2,1,2,6.4602
1,2,7,2,2,1,7.1019
1,2,7,2,2,1,9.6562
1,2,7,2,2,1,7.5682
1,2,7,2,2,2,14.102
1,2,7,2,2,2,10.215
1,2,7,2,2,2,8.4127
1,2,7,3,1,1,5.5914
1,2,7,3,1,1,5.8746
1,2,7,3,1,1,6.1176
1,2,7,3,1,2,4.3703
1,2,7,3,1,2,3.6362
1,2,7,3,1,2,4.4981
1,2,7,3,2,1,11.084
1,2,7,3,2,1,13.131
1,2,7,3,2,1,14.852
1,2,7,3,2,2,13.549
1,2,7,3,2,2,17.515
1,2,7,3,2,2,16.168
1,3,1,1,1,1,20.528
1,3,1,1,1,1,13.26
1,3,1,1,1,1,12.742
1,3,1,1,1,2,29.276
1,3,1,1,1,2,20.015
1,3,1,1,1,2,16.282
1,3,1,1,2,1,5.4505
1,3,1,1,2,1,5.488
1,3,1,1,2,1,5.0293
1,3,1,1,2,2,21.624
1,3,1,1,2,2,27.263
1,3,1,1,2,2,29.393
1,3,1,2,1,1,16.55
1,3,1,2,1,1,19.211
1,3,1,2,1,1,13.787
1,3,1,2,1,2,16.525
1,3,1,2,1,2,13.821
1,3,1,2,1,2,18.031
1,3,1,2,2,1,5.0443
1,3,1,2,2,1,4.278
1,3,1,2,2,1,5.9958
1,3,1,2,2,2,9.2329
1,3,1,2,2,2,8.0642
1,3,1,2,2,2,13.911
1,3,1,3,1,1,11.402
1,3,1,3,1,1,12.464
1,3,1,3,1,1,6.2359
1,3,1,3,1,2,5.6252
1,3,1,3,1,2,7.143
1,3,1,3,1,2,6.9643
1,3,1,3,2,1,4.5862
1,3,1,3,2,1,5.5465
1,3,1,3,2,1,5.4455
1,3,1,3,2,2,5.6757
1,3,1,3,2,2,6.9933
1,3,1,3,2,2,7.1318
1,3,4,1,1,1,25.734
1,3,4,1,1,1,21.242
1,3,4,1,1,1,16.702
1,3,4,1,1,2,20.208
1,3,4,1,1,2,18.804
1,3,4,1,1,2,12.079
1,3,4,1,2,1,8.5638
1,3,4,1,2,1,10.12
1,3,4,1,2,1,8.1189
1,3,4,1,2,2,26.619
1,3,4,1,2,2,27.577
1,3,4,1,2,2,20.523
1,3,4,2,1,1,14.795
1,3,4,2,1,1,12.048
1,3,4,2,1,1,16.616
1,3,4,2,1,2,21.005
1,3,4,2,1,2,15.032
1,3,4,2,1,2,17.43
1,3,4,2,2,1,5.8945
1,3,4,2,2,1,5.075
1,3,4,2,2,1,5.6863
1,3,4,2,2,2,10.38
1,3,4,2,2,2,8.292
1,3,4,2,2,2,8.9796
1,3,4,3,1,1,14.665
1,3,4,3,1,1,9.2161
1,3,4,3,1,1,8.9362
1,3,4,3,1,2,9.0167
1,3,4,3,1,2,12.048
1,3,4,3,1,2,11.998
1,3,4,3,2,1,6.2582
1,3,4,3,2,1,7.7852
1,3,4,3,2,1,7.9462
1,3,4,3,2,2,9.0595
1,3,4,3,2,2,9.3863
1,3,4,3,2,2,9.0459
1,3,7,1,1,1,30.796
1,3,7,1,1,1,24.464
1,3,7,1,1,1,25.045
1,3,7,1,1,2,29.86
1,3,7,1,1,2,24.938
1,3,7,1,1,2,26.342
1,3,7,1,2,1,11.2
1,3,7,1,2,1,12.244
1,3,7,1,2,1,8.9264
1,3,7,1,2,2,28.801
1,3,7,1,2,2,24.435
1,3,7,1,2,2,22.608
1,3,7,2,1,1,23.26
1,3,7,2,1,1,18.079
1,3,7,2,1,1,13.757
1,3,7,2,1,2,15.211
1,3,7,2,1,2,19.254
1,3,7,2,1,2,19.226
1,3,7,2,2,1,6.035
1,3,7,2,2,1,6.2304
1,3,7,2,2,1,5.7177
1,3,7,2,2,2,11.455
1,3,7,2,2,2,10.54
1,3,7,2,2,2,7.6253
1,3,7,3,1,1,23.729
1,3,7,3,1,1,26.203
1,3,7,3,1,1,25.577
1,3,7,3,1,2,10.373
1,3,7,3,1,2,5.8148
1,3,7,3,1,2,15.563
1,3,7,3,2,1,9.024
1,3,7,3,2,1,11.356
1,3,7,3,2,1,12.529
1,3,7,3,2,2,9.44
1,3,7,3,2,2,12.813
1,3,7,3,2,2,12.292
1,6,1,1,1,1,10.366
1,6,1,1,1,1,8.4921
1,6,1,1,1,1,12.193
1,6,1,1,1,2,21.662
1,6,1,1,1,2,13.621
1,6,1,1,1,2,11.769
1,6,1,1,2,1,3.5376
1,6,1,1,2,1,3.7557
1,6,1,1,2,1,2.5534
1,6,1,1,2,2,3.7565
1,6,1,1,2,2,5.8929
1,6,1,1,2,2,6.0104
1,6,1,2,1,1,13.893
1,6,1,2,1,1,13.076
1,6,1,2,1,1,13.488
1,6,1,2,1,2,6.1345
1,6,1,2,1,2,12.151
1,6,1,2,1,2,11.653
1,6,1,2,2,1,4.628
1,6,1,2,2,1,3.5073
1,6,1,2,2,1,3.7633
1,6,1,2,2,2,6.3901
1,6,1,2,2,2,4.0046
1,6,1,2,2,2,4.3085
1,6,1,3,1,1,7.5488
1,6,1,3,1,1,6.9067
1,6,1,3,1,1,13.469
1,6,1,3,1,2,7.6071
1,6,1,3,1,2,4.5804
1,6,1,3,1,2,9.8044
1,6,1,3,2,1,3.0906
1,6,1,3,2,1,3.8376
1,6,1,3,2,1,4.5581
1,6,1,3,2,2,3.6291
1,6,1,3,2,2,4.5503
1,6,1,3,2,2,4.7653
1,6,4,1,1,1,15.466
1,6,4,1,1,1,20.018
1,6,4,1,1,1,10.45
1,6,4,1,1,2,21.511
1,6,4,1,1,2,6.903
1,6,4,1,1,2,5.663
1,6,4,1,2,1,7.2182
1,6,4,1,2,1,4.822
1,6,4,1,2,1,5.3815
1,6,4,1,2,2,10.004
1,6,4,1,2,2,12.164
1,6,4,1,2,2,4.3602
1,6,4,2,1,1,11.232
1,6,4,2,1,1,8.8702
1,6,4,2,1,1,15.799
1,6,4,2,1,2,12.756
1,6,4,2,1,2,8.9579
1,6,4,2,1,2,11.111
1,6,4,2,2,1,5.1565
1,6,4,2,2,1,5.1205
1,6,4,2,2,1,4.1942
1,6,4,2,2,2,6.2463
1,6,4,2,2,2,5.691
1,6,4,2,2,2,5.109
1,6,4,3,1,1,17.628
1,6,4,3,1,1,7.8833
1,6,4,3,1,1,6.4632
1,6,4,3,1,2,9.1948
1,6,4,3,1,2,3.6538
1,6,4,3,1,2,3.6594
1,6,4,3,2,1,5.8397
1,6,4,3,2,1,5.9267
1,6,4,3,2,1,5.0898
1,6,4,3,2,2,5.9961
1,6,4,3,2,2,6.422
1,6,4,3,2,2,5.2695
1,6,7,1,1,1,23.957
1,6,7,1,1,1,20.706
1,6,7,1,1,1,18.683
1,6,7,1,1,2,24.543
1,6,7,1,1,2,21.361
1,6,7,1,1,2,18.736
1,6,7,1,2,1,14.096
1,6,7,1,2,1,15.695
1,6,7,1,2,1,13.87
1,6,7,1,2,2,12.106
1,6,7,1,2,2,11.03
1,6,7,1,2,2,5.9982
1,6,7,2,1,1,18.681
1,6,7,2,1,1,19.844
1,6,7,2,1,1,14.104
1,6,7,2,1,2,9.053
1,6,7,2,1,2,8.1273
1,6,7,2,1,2,6.4267
1,6,7,2,2,1,4.565
1,6,7,2,2,1,4.5033
1,6,7,2,2,1,4.9961
1,6,7,2,2,2,6.0995
1,6,7,2,2,2,5.315
1,6,7,2,2,2,6.067
1,6,7,3,1,1,7.5067
1,6,7,3,1,1,12.649
1,6,7,3,1,1,16.826
1,6,7,3,1,2,3.6908
1,6,7,3,1,2,5.2467
1,6,7,3,1,2,10.814
1,6,7,3,2,1,5.6331
1,6,7,3,2,1,7.0002
1,6,7,3,2,1,5.7888
1,6,7,3,2,2,6.9563
1,6,7,3,2,2,6.7098
1,6,7,3,2,2,6.7623
1,8,1,1,1,1,2.8914
1,8,1,1,1,1,6.7372
1,8,1,1,1,1,7.5744
1,8,1,1,1,2,7.3192
1,8,1,1,1,2,4.6806
1,8,1,1,1,2,13.694
1,8,1,1,2,1,3.4304
1,8,1,1,2,1,2.9621
1,8,1,1,2,1,3.1458
1,8,1,1,2,2,15.148
1,8,1,1,2,2,12.643
1,8,1,1,2,2,5.9553
1,8,1,2,1,1,13.77
1,8,1,2,1,1,10.725
1,8,1,2,1,1,3.8791
1,8,1,2,1,2,11.122
1,8,1,2,1,2,13.107
1,8,1,2,1,2,7.2589
1,8,1,2,2,1,4.7046
1,8,1,2,2,1,4.3251
1,8,1,2,2,1,4.2136
1,8,1,2,2,2,6.0416
1,8,1,2,2,2,7.8199
1,8,1,2,2,2,5.4562
1,8,1,3,1,1,7.205
1,8,1,3,1,1,6.6769
1,8,1,3,1,1,8.9887
1,8,1,3,1,2,3.1567
1,8,1,3,1,2,9.6598
1,8,1,3,1,2,8.5361
1,8,1,3,2,1,7.7055
1,8,1,3,2,1,10.653
1,8,1,3,2,1,7.3735
1,8,1,3,2,2,8.9329
1,8,1,3,2,2,9.6229
1,8,1,3,2,2,8.7074
1,8,4,1,1,1,11.547
1,8,4,1,1,1,20.417
1,8,4,1,1,1,15.34
1,8,4,1,1,2,19.996
1,8,4,1,1,2,16.492
1,8,4,1,1,2,11.354
1,8,4,1,2,1,6.3077
1,8,4,1,2,1,7.3483
1,8,4,1,2,1,2.6936
1,8,4,1,2,2,6.8548
1,8,4,1,2,2,13.891
1,8,4,1,2,2,3.9202
1,8,4,2,1,1,11.615
1,8,4,2,1,1,15.195
1,8,4,2,1,1,13.869
1,8,4,2,1,2,9.0536
1,8,4,2,1,2,14.546
1,8,4,2,1,2,12.251
1,8,4,2,2,1,6.6774
1,8,4,2,2,1,6.686
1,8,4,2,2,1,6.6183
1,8,4,2,2,2,7.3704
1,8,4,2,2,2,7.5438
1,8,4,2,2,2,8.4438
1,8,4,3,1,1,4.4403
1,8,4,3,1,1,10.238
1,8,4,3,1,1,10.446
1,8,4,3,1,2,6.4948
1,8,4,3,1,2,8.0051
1,8,4,3,1,2,13.241
1,8,4,3,2,1,9.7764
1,8,4,3,2,1,12.187
1,8,4,3,2,1,15.464
1,8,4,3,2,2,12.581
1,8,4,3,2,2,12.344
1,8,4,3,2,2,13.613
1,8,7,1,1,1,8.5482
1,8,7,1,1,1,6.9079
1,8,7,1,1,1,13.904
1,8,7,1,1,2,14.95
1,8,7,1,1,2,6.8811
1,8,7,1,1,2,6.4219
1,8,7,1,2,1,4.8802
1,8,7,1,2,1,6.0378
1,8,7,1,2,1,4.4038
1,8,7,1,2,2,10.677
1,8,7,1,2,2,8.4259
1,8,7,1,2,2,10.031
1,8,7,2,1,1,5.2862
1,8,7,2,1,1,14.966
1,8,7,2,1,1,4.4039
1,8,7,2,1,2,8.8149
1,8,7,2,1,2,5.5217
1,8,7,2,1,2,8.0432
1,8,7,2,2,1,7.0657
1,8,7,2,2,1,7.7279
1,8,7,2,2,1,6.3069
1,8,7,2,2,2,7.4083
1,8,7,2,2,2,8.6046
1,8,7,2,2,2,9.0669
1,8,7,3,1,1,10.514
1,8,7,3,1,1,12.522
1,8,7,3,1,1,8.8436
1,8,7,3,1,2,6.2402
1,8,7,3,1,2,3.9657
1,8,7,3,1,2,5.9248
1,8,7,3,2,1,9.4527
1,8,7,3,2,1,11.575
1,8,7,3,2,1,11.975
1,8,7,3,2,2,11.814
1,8,7,3,2,2,11.704
1,8,7,3,2,2,13.335
1,9,1,1,1,1,5.1006
1,9,1,1,1,1,5.7075
1,9,1,1,1,1,3.0099
1,9,1,1,1,2,3.4745
1,9,1,1,1,2,7.7066
1,9,1,1,1,2,6.4815
1,9,1,1,2,1,2.5811
1,9,1,1,2,1,3.772
1,9,1,1,2,1,2.8568
1,9,1,1,2,2,3.7576
1,9,1,1,2,2,5.8905
1,9,1,1,2,2,4.228
1,9,1,2,1,1,3.4055
1,9,1,2,1,1,5.0576
1,9,1,2,1,1,3.7254
1,9,1,2,1,2,2.7879
1,9,1,2,1,2,2.6404
1,9,1,2,1,2,2.8436
1,9,1,2,2,1,4.5492
1,9,1,2,2,1,4.6694
1,9,1,2,2,1,5.3158
1,9,1,2,2,2,5.1831
1,9,1,2,2,2,5.5355
1,9,1,2,2,2,6.3563
1,9,1,3,1,1,6.1109
1,9,1,3,1,1,5.0163
1,9,1,3,1,1,4.08
1,9,1,3,1,2,2.7166
1,9,1,3,1,2,3.5472
1,9,1,3,1,2,2.2458
1,9,1,3,2,1,4.5467
1,9,1,3,2,1,5.5833
1,9,1,3,2,1,7.2362
1,9,1,3,2,2,5.4254
1,9,1,3,2,2,6.4326
1,9,1,3,2,2,8.3698
1,9,4,1,1,1,5.5673
1,9,4,1,1,1,3.6717
1,9,4,1,1,1,7.7944
1,9,4,1,1,2,3.9905
1,9,4,1,1,2,3.7229
1,9,4,1,1,2,4.8127
1,9,4,1,2,1,2.6888
1,9,4,1,2,1,2.5183
1,9,4,1,2,1,3.9272
1,9,4,1,2,2,5.3143
1,9,4,1,2,2,6.3791
1,9,4,1,2,2,7.0683
1,9,4,2,1,1,5.0146
1,9,4,2,1,1,4.8058
1,9,4,2,1,1,4.5181
1,9,4,2,1,2,4.1906
1,9,4,2,1,2,4.2345
1,9,4,2,1,2,3.9516
1,9,4,2,2,1,8.2543
1,9,4,2,2,1,6.3166
1,9,4,2,2,1,7.7659
1,9,4,2,2,2,9.2704
1,9,4,2,2,2,7.9367
1,9,4,2,2,2,8.6199
1,9,4,3,1,1,4.6505
1,9,4,3,1,1,5.2903
1,9,4,3,1,1,5.3102
1,9,4,3,1,2,3.4929
1,9,4,3,1,2,2.5434
1,9,4,3,1,2,2.8258
1,9,4,3,2,1,10.834
1,9,4,3,2,1,11.88
1,9,4,3,2,1,9.4221
1,9,4,3,2,2,13.164
1,9,4,3,2,2,12.693
1,9,4,3,2,2,11.196
1,9,7,1,1,1,3.6986
1,9,7,1,1,1,5.3309
1,9,7,1,1,1,3.82
1,9,7,1,1,2,3.948
1,9,7,1,1,2,3.7412
1,9,7,1,1,2,3.7161
1,9,7,1,2,1,3.7891
1,9,7,1,2,1,3.5511
1,9,7,1,2,1,2.7865
1,9,7,1,2,2,5.1516
1,9,7,1,2,2,4.8337
1,9,7,1,2,2,5.6419
1,9,7,2,1,1,4.3311
1,9,7,2,1,1,4.2827
1,9,7,2,1,1,6.9434
1,9,7,2,1,2,3.697
1,9,7,2,1,2,3.6748
1,9,7,2,1,2,3.9016
1,9,7,2,2,1,6.8932
1,9,7,2,2,1,5.7824
1,9,7,2,2,1,6.0359
1,9,7,2,2,2,8.3756
1,9,7,2,2,2,7.9532
1,9,7,2,2,2,9.7439
1,9,7,3,1,1,4.9111
1,9,7,3,1,1,4.9288
1,9,7,3,1,1,4.9061
1,9,7,3,1,2,3.3648
1,9,7,3,1,2,3.7182
1,9,7,3,1,2,3.7577
1,9,7,3,2,1,10.397
1,9,7,3,2,1,13.231
1,9,7,3,2,1,15.118
1,9,7,3,2,2,13.319
1,9,7,3,2,2,12.706
1,9,7,3,2,2,12.763
2,1,1,1,1,1,3.3503
2,1,1,1,1,1,3.922
2,1,1,1,1,1,2.2719
2,1,1,1,1,2,6.9837
2,1,1,1,1,2,12.052
2,1,1,1,1,2,7.7075
2,1,1,1,2,1,3.1753
2,1,1,1,2,1,3.6161
2,1,1,1,2,1,2.4556
2,1,1,1,2,2,7.6614
2,1,1,1,2,2,4.3452
2,1,1,1,2,2,9.1487
2,1,1,2,1,1,5.3079
2,1,1,2,1,1,3.3257
2,1,1,2,1,1,7.1404
2,1,1,2,1,2,6.0307
2,1,1,2,1,2,6.9633
2,1,1,2,1,2,5.1156
2,1,1,2,2,1,4.2312
2,1,1,2,2,1,4.7235
2,1,1,2,2,1,3.646
2,1,1,2,2,2,7.2512
2,1,1,2,2,2,9.5456
2,1,1,2,2,2,4.7902
2,1,1,3,1,1,5.5694
2,1,1,3,1,1,11.07
2,1,1,3,1,1,3.8149
2,1,1,3,1,2,6.7296
2,1,1,3,1,2,9.559
2,1,1,3,1,2,5.0491
2,1,1,3,2,1,7.4706
2,1,1,3,2,1,6.3
2,1,1,3,2,1,7.4781
2,1,1,3,2,2,8.7029
2,1,1,3,2,2,6.8155
2,1,1,3,2,2,7.0785
2,1,4,1,1,1,8.3512
2,1,4,1,1,1,3.4136
2,1,4,1,1,1,7.1532
2,1,4,1,1,2,11.387
2,1,4,1,1,2,14.992
2,1,4,1,1,2,17.143
2,1,4,1,2,1,3.9008
2,1,4,1,2,1,3.0662
2,1,4,1,2,1,4.2331
2,1,4,1,2,2,5.3713
2,1,4,1,2,2,8.5483
2,1,4,1,2,2,5.335
2,1,4,2,1,1,6.1744
2,1,4,2,1,1,6.8319
2,1,4,2,1,1,4.6884
2,1,4,2,1,2,8.799
2,1,4,2,1,2,6.8383
2,1,4,2,1,2,5.2469
2,1,4,2,2,1,5.6459
2,1,4,2,2,1,4.9738
2,1,4,2,2,1,5.1467
2,1,4,2,2,2,5.9219
2,1,4,2,2,2,5.8664
2,1,4,2,2,2,8.1524
2,1,4,3,1,1,4.404
2,1,4,3,1,1,4.9532
2,1,4,3,1,1,4.6731
2,1,4,3,1,2,5.4724
2,1,4,3,1,2,5.4432
2,1,4,3,1,2,3.3651
2,1,4,3,2,1,6.894
2,1,4,3,2,1,9.8079
2,1,4,3,2,1,9.2036
2,1,4,3,2,2,7.2211
2,1,4,3,2,2,9.8908
2,1,4,3,2,2,10.067
2,1,7,1,1,1,4.154
2,1,7,1,1,1,3.546
2,1,7,1,1,1,3.732
2,1,7,1,1,2,12.988
2,1,7,1,1,2,8.707
2,1,7,1,1,2,10.93
2,1,7,1,2,1,5.9331
2,1,7,1,2,1,5.9824
2,1,7,1,2,1,5.69
2,1,7,1,2,2,7.2577
2,1,7,1,2,2,5.4931
2,1,7,1,2,2,12.76
2,1,7,2,1,1,4.456
2,1,7,2,1,1,6.5778
2,1,7,2,1,1,4.8478
2,1,7,2,1,2,3.3811
2,1,7,2,1,2,3.5072
2,1,7,2,1,2,3.6094
2,1,7,2,2,1,5.9815
2,1,7,2,2,1,6.6958
2,1,7,2,2,1,6.6065
2,1,7,2,2,2,6.7688
2,1,7,2,2,2,5.8342
2,1,7,2,2,2,7.3655
2,1,7,3,1,1,8.567
2,1,7,3,1,1,7.732
2,1,7,3,1,1,5.7819
2,1,7,3,1,2,7.8731
2,1,7,3,1,2,7.5997
2,1,7,3,1,2,8.1345
2,1,7,3,2,1,12.515
2,1,7,3,2,1,14.575
2,1,7,3,2,1,12.948
2,1,7,3,2,2,10.971
2,1,7,3,2,2,16.022
2,1,7,3,2,2,10.682
2,4,1,1,1,1,9.4115
2,4,1,1,1,1,5.4707
2,4,1,1,1,1,7.9402
2,4,1,1,1,2,15.242
2,4,1,1,1,2,9.4424
2,4,1,1,1,2,12.661
2,4,1,1,2,1,7.7781
2,4,1,1,2,1,3.3903
2,4,1,1,2,1,3.2463
2,4,1,1,2,2,11.299
2,4,1,1,2,2,4.164
2,4,1,1,2,2,4.5261
2,4,1,2,1,1,3.3823
2,4,1,2,1,1,3.2304
2,4,1,2,1,1,3.0568
2,4,1,2,1,2,2.9797
2,4,1,2,1,2,2.74
2,4,1,2,1,2,2.9025
2,4,1,2,2,1,4.0519
2,4,1,2,2,1,4.7262
2,4,1,2,2,1,5.3269
2,4,1,2,2,2,5.9402
2,4,1,2,2,2,5.9294
2,4,1,2,2,2,5.5832
2,4,1,3,1,1,11.012
2,4,1,3,1,1,3.5023
2,4,1,3,1,1,3.4902
2,4,1,3,1,2,11.223
2,4,1,3,1,2,3.1691
2,4,1,3,1,2,2.2582
2,4,1,3,2,1,5.6874
2,4,1,3,2,1,6.2301
2,4,1,3,2,1,7.9534
2,4,1,3,2,2,6.1797
2,4,1,3,2,2,6.6316
2,4,1,3,2,2,8.3437
2,4,4,1,1,1,3
2,4,4,1,1,1,3.2745
2,4,4,1,1,1,7.6908
2,4,4,1,1,2,4.4542
2,4,4,1,1,2,11.756
2,4,4,1,1,2,3.2734
2,4,4,1,2,1,4.9871
2,4,4,1,2,1,4.4828
2,4,4,1,2,1,4.3904
2,4,4,1,2,2,2.5066
2,4,4,1,2,2,3.4999
2,4,4,1,2,2,1.8038
2,4,4,2,1,1,3.6023
2,4,4,2,1,1,3.6869
2,4,4,2,1,1,3.6113
2,4,4,2,1,2,2.9372
2,4,4,2,1,2,5.0206
2,4,4,2,1,2,3.4451
2,4,4,2,2,1,5.5409
2,4,4,2,2,1,4.8815
2,4,4,2,2,1,4.7794
2,4,4,2,2,2,3.3564
2,4,4,2,2,2,2.1477
2,4,4,2,2,2,2.6519
2,4,4,3,1,1,2.8475
2,4,4,3,1,1,4.1949
2,4,4,3,1,1,3.1626
2,4,4,3,1,2,5.679
2,4,4,3,1,2,5.812
2,4,4,3,1,2,5.6397
2,4,4,3,2,1,8.6359
2,4,4,3,2,1,9.3631
2,4,4,3,2,1,11.007
2,4,4,3,2,2,10.975
2,4,4,3,2,2,10.057
2,4,4,3,2,2,11.66
2,4,7,1,1,1,2.6244
2,4,7,1,1,1,2.6595
2,4,7,1,1,1,5.5937
2,4,7,1,1,2,8.7988
2,4,7,1,1,2,4.4923
2,4,7,1,1,2,5.7942
2,4,7,1,2,1,5.6552
2,4,7,1,2,1,5.5872
2,4,7,1,2,1,5.5804
2,4,7,1,2,2,2.9297
2,4,7,1,2,2,2.7753
2,4,7,1,2,2,3.0546
2,4,7,2,1,1,6.8868
2,4,7,2,1,1,2.6737
2,4,7,2,1,1,2.3847
2,4,7,2,1,2,4.706
2,4,7,2,1,2,5.5256
2,4,7,2,1,2,5.6353
2,4,7,2,2,1,7.0663
2,4,7,2,2,1,5.6949
2,4,7,2,2,1,6.4529
2,4,7,2,2,2,3.3138
2,4,7,2,2,2,2.9977
2,4,7,2,2,2,3.6098
2,4,7,3,1,1,4.9173
2,4,7,3,1,1,5.8837
2,4,7,3,1,1,2.2294
2,4,7,3,1,2,6.6403
2,4,7,3,1,2,5.3859
2,4,7,3,1,2,4.8951
2,4,7,3,2,1,7.3187
2,4,7,3,2,1,10.431
2,4,7,3,2,1,10.501
2,4,7,3,2,2,10.137
2,4,7,3,2,2,11.52
2,4,7,3,2,2,13.001
2,5,1,1,1,1,10.343
2,5,1,1,1,1,2.9017
2,5,1,1,1,1,4.9353
2,5,1,1,1,2,5.0095
2,5,1,1,1,2,7.5369
2,5,1,1,1,2,4.5687
2,5,1,1,2,1,4.3339
2,5,1,1,2,1,5.9009
2,5,1,1,2,1,5.3591
2,5,1,1,2,2,5.1354
2,5,1,1,2,2,6.0331
2,5,1,1,2,2,7.4147
2,5,1,2,1,1,3.6487
2,5,1,2,1,1,1.5182
2,5,1,2,1,1,6.3716
2,5,1,2,1,2,5.5485
2,5,1,2,1,2,5.1631
2,5,1,2,1,2,4.2036
2,5,1,2,2,1,4.6637
2,5,1,2,2,1,5.1278
2,5,1,2,2,1,6.1608
2,5,1,2,2,2,10.902
2,5,1,2,2,2,5.2073
2,5,1,2,2,2,7.3018
2,5,1,3,1,1,4.9733
2,5,1,3,1,1,3.0091
2,5,1,3,1,1,4.8805
2,5,1,3,1,2,8.1927
2,5,1,3,1,2,7.0335
2,5,1,3,1,2,7.5344
2,5,1,3,2,1,6.4966
2,5,1,3,2,1,6.4634
2,5,1,3,2,1,7.6531
2,5,1,3,2,2,6.3664
2,5,1,3,2,2,6.8692
2,5,1,3,2,2,7.7478
2,5,4,1,1,1,3.4208
2,5,4,1,1,1,7.5628
2,5,4,1,1,1,8.8368
2,5,4,1,1,2,4.7083
2,5,4,1,1,2,3.5144
2,5,4,1,1,2,8.1111
2,5,4,1,2,1,6.8772
2,5,4,1,2,1,7.7719
2,5,4,1,2,1,8.7163
2,5,4,1,2,2,6.4604
2,5,4,1,2,2,6.0973
2,5,4,1,2,2,9.6722
2,5,4,2,1,1,3.0657
2,5,4,2,1,1,9.1728
2,5,4,2,1,1,3.0036
2,5,4,2,1,2,6.5228
2,5,4,2,1,2,6.5138
2,5,4,2,1,2,5.8965
2,5,4,2,2,1,7.4946
2,5,4,2,2,1,7.6015
2,5,4,2,2,1,9.4451
2,5,4,2,2,2,5.1866
2,5,4,2,2,2,6.2259
2,5,4,2,2,2,5.5691
2,5,4,3,1,1,11.626
2,5,4,3,1,1,5.9768
2,5,4,3,1,1,3.6542
2,5,4,3,1,2,8.8068
2,5,4,3,1,2,9.514
2,5,4,3,1,2,8.5685
2,5,4,3,2,1,8.8886
2,5,4,3,2,1,10.382
2,5,4,3,2,1,9.9445
2,5,4,3,2,2,9.4038
2,5,4,3,2,2,11.243
2,5,4,3,2,2,10.312
2,5,7,1,1,1,10.385
2,5,7,1,1,1,3.8418
2,5,7,1,1,1,4.2462
2,5,7,1,1,2,4.5857
2,5,7,1,1,2,2.2492
2,5,7,1,1,2,4.6431
2,5,7,1,2,1,8.9547
2,5,7,1,2,1,8.3868
2,5,7,1,2,1,9.8731
2,5,7,1,2,2,14.175
2,5,7,1,2,2,11.358
2,5,7,1,2,2,3.8961
2,5,7,2,1,1,7.929
2,5,7,2,1,1,6.5149
2,5,7,2,1,1,3.6708
2,5,7,2,1,2,5.7565
2,5,7,2,1,2,7.3186
2,5,7,2,1,2,7.4271
2,5,7,2,2,1,11.179
2,5,7,2,2,1,8.8235
2,5,7,2,2,1,9.3776
2,5,7,2,2,2,7.3671
2,5,7,2,2,2,5.644
2,5,7,2,2,2,5.9111
2,5,7,3,1,1,5.0421
2,5,7,3,1,1,9.3465
2,5,7,3,1,1,4.4536
2,5,7,3,1,2,8.1002
2,5,7,3,1,2,8.1308
2,5,7,3,1,2,8.2525
2,5,7,3,2,1,13.679
2,5,7,3,2,1,12.304
2,5,7,3,2,1,13.556
2,5,7,3,2,2,14.726
2,5,7,3,2,2,13.261
2,5,7,3,2,2,13.403
2,7,1,1,1,1,6.6179
2,7,1,1,1,1,4.8322
2,7,1,1,1,1,4.4226
2,7,1,1,1,2,15.367
2,7,1,1,1,2,16.868
2,7,1,1,1,2,10.583
2,7,1,1,2,1,2.9469
2,7,1,1,2,1,2.5468
2,7,1,1,2,1,2.743
2,7,1,1,2,2,5.5406
2,7,1,1,2,2,4.2021
2,7,1,1,2,2,5.4626
2,7,1,2,1,1,9.6689
2,7,1,2,1,1,6.3135
2,7,1,2,1,1,2.6381
2,7,1,2,1,2,7.6048
2,7,1,2,1,2,12.868
2,7,1,2,1,2,5.6205
2,7,1,2,2,1,4.3457
2,7,1,2,2,1,4.7451
2,7,1,2,2,1,3.999
2,7,1,2,2,2,4.9562
2,7,1,2,2,2,5.1124
2,7,1,2,2,2,5.3393
2,7,1,3,1,1,3.6773
2,7,1,3,1,1,5.145
2,7,1,3,1,1,3.2829
2,7,1,3,1,2,5.8398
2,7,1,3,1,2,7.0729
2,7,1,3,1,2,6.0301
2,7,1,3,2,1,7.789
2,7,1,3,2,1,6.5461
2,7,1,3,2,1,6.4683
2,7,1,3,2,2,6.727
2,7,1,3,2,2,4.9002
2,7,1,3,2,2,6.1455
2,7,4,1,1,1,6.6432
2,7,4,1,1,1,6.5487
2,7,4,1,1,1,5.5538
2,7,4,1,1,2,19.308
2,7,4,1,1,2,12.975
2,7,4,1,1,2,13.361
2,7,4,1,2,1,3.5969
2,7,4,1,2,1,3.8818
2,7,4,1,2,1,7.612
2,7,4,1,2,2,12.809
2,7,4,1,2,2,5.1402
2,7,4,1,2,2,12.347
2,7,4,2,1,1,3.1106
2,7,4,2,1,1,3.9606
2,7,4,2,1,1,8.6502
2,7,4,2,1,2,13.131
2,7,4,2,1,2,20.459
2,7,4,2,1,2,10.316
2,7,4,2,2,1,5.9923
2,7,4,2,2,1,6.7957
2,7,4,2,2,1,6.8612
2,7,4,2,2,2,6.8729
2,7,4,2,2,2,8.1809
2,7,4,2,2,2,9.1231
2,7,4,3,1,1,7.0654
2,7,4,3,1,1,10.66
2,7,4,3,1,1,4.0989
2,7,4,3,1,2,7.9628
2,7,4,3,1,2,7.5985
2,7,4,3,1,2,7.967
2,7,4,3,2,1,6.9658
2,7,4,3,2,1,8.0625
2,7,4,3,2,1,8.4917
2,7,4,3,2,2,11.311
2,7,4,3,2,2,11.392
2,7,4,3,2,2,10.514
2,7,7,1,1,1,11.067
2,7,7,1,1,1,5.5524
2,7,7,1,1,1,10.743
2,7,7,1,1,2,22.944
2,7,7,1,1,2,21.477
2,7,7,1,1,2,7.1932
2,7,7,1,2,1,5.6473
2,7,7,1,2,1,5.7644
2,7,7,1,2,1,5.3086
2,7,7,1,2,2,10.203
2,7,7,1,2,2,11.597
2,7,7,1,2,2,11.869
2,7,7,2,1,1,4.1494
2,7,7,2,1,1,3.1496
2,7,7,2,1,1,4.1802
2,7,7,2,1,2,5.7598
2,7,7,2,1,2,5.9088
2,7,7,2,1,2,6.1225
2,7,7,2,2,1,5.745
2,7,7,2,2,1,6.3475
2,7,7,2,2,1,6.8917
2,7,7,2,2,2,6.3254
2,7,7,2,2,2,5.6169
2,7,7,2,2,2,4.8099
2,7,7,3,1,1,6.6241
2,7,7,3,1,1,7.2555
2,7,7,3,1,1,6.4933
2,7,7,3,1,2,7.4919
2,7,7,3,1,2,7.4025
2,7,7,3,1,2,7.8183
2,7,7,3,2,1,9.9902
2,7,7,3,2,1,11.958
2,7,7,3,2,1,10.88
2,7,7,3,2,2,12.598
2,7,7,3,2,2,12.445
2,7,7,3,2,2,11.71
2,10,1,1,1,1,2.9354
2,10,1,1,1,1,7.1396
2,10,1,1,1,1,5.0404
2,10,1,1,1,2,4.131
2,10,1,1,1,2,5.5246
2,10,1,1,1,2,5.4472
2,10,1,1,2,1,4.7587
2,10,1,1,2,1,3.9065
2,10,1,1,2,1,1.741
2,10,1,1,2,2,13.373
2,10,1,1,2,2,7.0795
2,10,1,1,2,2,4.8492
2,10,1,2,1,1,7.6375
2,10,1,2,1,1,2.5842
2,10,1,2,1,1,2.3256
2,10,1,2,1,2,10.645
2,10,1,2,1,2,2.2307
2,10,1,2,1,2,7.2361
2,10,1,2,2,1,3.29
2,10,1,2,2,1,2.8123
2,10,1,2,2,1,2.4277
2,10,1,2,2,2,3.9728
2,10,1,2,2,2,3.7214
2,10,1,2,2,2,2.6437
2,10,1,3,1,1,6.2468
2,10,1,3,1,1,8.6451
2,10,1,3,1,1,5.6185
2,10,1,3,1,2,7.4009
2,10,1,3,1,2,4.0271
2,10,1,3,1,2,3.4023
2,10,1,3,2,1,4.2776
2,10,1,3,2,1,3.2511
2,10,1,3,2,1,4.7259
2,10,1,3,2,2,4.3937
2,10,1,3,2,2,4.8148
2,10,1,3,2,2,5.251
2,10,4,1,1,1,15.083
2,10,4,1,1,1,13.073
2,10,4,1,1,1,12.91
2,10,4,1,1,2,12.559
2,10,4,1,1,2,2.9173
2,10,4,1,1,2,7.4934
2,10,4,1,2,1,2.7832
2,10,4,1,2,1,5.1916
2,10,4,1,2,1,6.7439
2,10,4,1,2,2,13.666
2,10,4,1,2,2,11.316
2,10,4,1,2,2,7.8333
2,10,4,2,1,1,9.0547
2,10,4,2,1,1,9.9146
2,10,4,2,1,1,9.4195
2,10,4,2,1,2,8.9821
2,10,4,2,1,2,6.9375
2,10,4,2,1,2,4.3577
2,10,4,2,2,1,4.9376
2,10,4,2,2,1,5.2075
2,10,4,2,2,1,4.1703
2,10,4,2,2,2,5.4889
2,10,4,2,2,2,5.1924
2,10,4,2,2,2,5.1844
2,10,4,3,1,1,5.2352
2,10,4,3,1,1,9.7718
2,10,4,3,1,1,11.151
2,10,4,3,1,2,2.8447
2,10,4,3,1,2,4.3552
2,10,4,3,1,2,2.6357
2,10,4,3,2,1,5.2134
2,10,4,3,2,1,5.8362
2,10,4,3,2,1,4.9971
2,10,4,3,2,2,4.5392
2,10,4,3,2,2,5.0488
2,10,4,3,2,2,5.5634
2,10,7,1,1,1,22.092
2,10,7,1,1,1,23.135
2,10,7,1,1,1,23.372
2,10,7,1,1,2,18.463
2,10,7,1,1,2,6.6058
2,10,7,1,1,2,12.886
2,10,7,1,2,1,10.078
2,10,7,1,2,1,6.4535
2,10,7,1,2,1,5.8906
2,10,7,1,2,2,25.843
2,10,7,1,2,2,19.432
2,10,7,1,2,2,16.355
2,10,7,2,1,1,14.993
2,10,7,2,1,1,18.655
2,10,7,2,1,1,20.012
2,10,7,2,1,2,19.234
2,10,7,2,1,2,21.177
2,10,7,2,1,2,17.524
2,10,7,2,2,1,4.0666
2,10,7,2,2,1,4.8537
2,10,7,2,2,1,4.4335
2,10,7,2,2,2,9.5288
2,10,7,2,2,2,6.4758
2,10,7,2,2,2,5.992
2,10,7,3,1,1,15.916
2,10,7,3,1,1,8.5313
2,10,7,3,1,1,9.5924
2,10,7,3,1,2,14.425
2,10,7,3,1,2,14.951
2,10,7,3,1,2,13.659
2,10,7,3,2,1,5.7662
2,10,7,3,2,1,6.5968
2,10,7,3,2,1,6.5514
2,10,7,3,2,2,6.3087
2,10,7,3,2,2,7.3068
2,10,7,3,2,2,6.6186
