group , participant , session , IDRight , IDLeft , hand , value
1,2,1,1,1,1,22.661
1,2,1,1,1,1,10.088
1,2,1,1,1,1,12.487
1,2,1,1,1,2,7.7699
1,2,1,1,1,2,8.149
1,2,1,1,1,2,9.0388
1,2,1,1,2,1,3.3991
1,2,1,1,2,1,2.6934
1,2,1,1,2,1,4.4238
1,2,1,1,2,2,13.536
1,2,1,1,2,2,10.578
1,2,1,1,2,2,8.9177
1,2,1,2,1,1,16.832
1,2,1,2,1,1,5.213
1,2,1,2,1,1,9.3142
1,2,1,2,1,2,4.5144
1,2,1,2,1,2,4.0036
1,2,1,2,1,2,4.1171
1,2,1,2,2,1,2.6005
1,2,1,2,2,1,2.6
1,2,1,2,2,1,3.7822
1,2,1,2,2,2,6.9941
1,2,1,2,2,2,4.0245
1,2,1,2,2,2,4.7921
1,2,1,3,1,1,6.3892
1,2,1,3,1,1,11.618
1,2,1,3,1,1,3.8932
1,2,1,3,1,2,2.6747
1,2,1,3,1,2,4.3214
1,2,1,3,1,2,2.0781
1,2,1,3,2,1,3.7445
1,2,1,3,2,1,4.4183
1,2,1,3,2,1,10.788
1,2,1,3,2,2,5.4978
1,2,1,3,2,2,4.4686
1,2,1,3,2,2,7.9887
1,2,4,1,1,1,25.254
1,2,4,1,1,1,20.287
1,2,4,1,1,1,12.786
1,2,4,1,1,2,25.912
1,2,4,1,1,2,11.999
1,2,4,1,1,2,6.1791
1,2,4,1,2,1,3.2963
1,2,4,1,2,1,3.0322
1,2,4,1,2,1,3.3026
1,2,4,1,2,2,8.4275
1,2,4,1,2,2,6.1991
1,2,4,1,2,2,10.157
1,2,4,2,1,1,12.098
1,2,4,2,1,1,4.7518
1,2,4,2,1,1,11.377
1,2,4,2,1,2,12.108
1,2,4,2,1,2,3.3681
1,2,4,2,1,2,4.7151
1,2,4,2,2,1,5.3805
1,2,4,2,2,1,6.5143
1,2,4,2,2,1,6.9401
1,2,4,2,2,2,8.7264
1,2,4,2,2,2,11.264
1,2,4,2,2,2,11.525
1,2,4,3,1,1,7.3335
1,2,4,3,1,1,6.1538
1,2,4,3,1,1,5.9598
1,2,4,3,1,2,5.2491
1,2,4,3,1,2,5.0586
1,2,4,3,1,2,3.3727
1,2,4,3,2,1,9.7901
1,2,4,3,2,1,11.096
1,2,4,3,2,1,9.7585
1,2,4,3,2,2,9.7371
1,2,4,3,2,2,11.556
1,2,4,3,2,2,10.459
1,2,7,1,1,1,12.103
1,2,7,1,1,1,11.027
1,2,7,1,1,1,14.879
1,2,7,1,1,2,8.1664
1,2,7,1,1,2,8.8623
1,2,7,1,1,2,14.314
1,2,7,1,2,1,3.3311
1,2,7,1,2,1,3.4864
1,2,7,1,2,1,3.2233
1,2,7,1,2,2,11.986
1,2,7,1,2,2,8.4769
1,2,7,1,2,2,12.864
1,2,7,2,1,1,11.51
1,2,7,2,1,1,5.7277
1,2,7,2,1,1,7.615
1,2,7,2,1,2,7.1434
1,2,7,2,1,2,4.8362
1,2,7,2,1,2,5.4039
1,2,7,2,2,1,5.2549
1,2,7,2,2,1,5.6659
1,2,7,2,2,1,5.2117
1,2,7,2,2,2,13.709
1,2,7,2,2,2,8.733
1,2,7,2,2,2,8.0271
1,2,7,3,1,1,5.509
1,2,7,3,1,1,5.7612
1,2,7,3,1,1,6.0394
1,2,7,3,1,2,2.6813
1,2,7,3,1,2,2.8088
1,2,7,3,1,2,2.9465
1,2,7,3,2,1,11.727
1,2,7,3,2,1,11.863
1,2,7,3,2,1,14.31
1,2,7,3,2,2,11.724
1,2,7,3,2,2,12.22
1,2,7,3,2,2,14.264
1,3,1,1,1,1,20.683
1,3,1,1,1,1,13.211
1,3,1,1,1,1,12.44
1,3,1,1,1,2,27.114
1,3,1,1,1,2,17.942
1,3,1,1,1,2,15.008
1,3,1,1,2,1,5.2533
1,3,1,1,2,1,4.0966
1,3,1,1,2,1,3.6306
1,3,1,1,2,2,22.869
1,3,1,1,2,2,26.197
1,3,1,1,2,2,29.495
1,3,1,2,1,1,15.906
1,3,1,2,1,1,18.326
1,3,1,2,1,1,15.796
1,3,1,2,1,2,14.736
1,3,1,2,1,2,11.955
1,3,1,2,1,2,14.827
1,3,1,2,2,1,3.8352
1,3,1,2,2,1,3.3198
1,3,1,2,2,1,4.7161
1,3,1,2,2,2,8.6206
1,3,1,2,2,2,7.2998
1,3,1,2,2,2,12.169
1,3,1,3,1,1,10.73
1,3,1,3,1,1,12.409
1,3,1,3,1,1,5.5804
1,3,1,3,1,2,3.6158
1,3,1,3,1,2,4.4379
1,3,1,3,1,2,4.6085
1,3,1,3,2,1,4.5152
1,3,1,3,2,1,4.8183
1,3,1,3,2,1,5.2235
1,3,1,3,2,2,4.5292
1,3,1,3,2,2,4.8146
1,3,1,3,2,2,5.2155
1,3,4,1,1,1,25.729
1,3,4,1,1,1,20.701
1,3,4,1,1,1,16.313
1,3,4,1,1,2,20.877
1,3,4,1,1,2,19.097
1,3,4,1,1,2,12.47
1,3,4,1,2,1,7.4353
1,3,4,1,2,1,6.6334
1,3,4,1,2,1,5.1622
1,3,4,1,2,2,27.267
1,3,4,1,2,2,27.438
1,3,4,1,2,2,20.229
1,3,4,2,1,1,15.639
1,3,4,2,1,1,11.396
1,3,4,2,1,1,16.987
1,3,4,2,1,2,17.533
1,3,4,2,1,2,13.162
1,3,4,2,1,2,16.505
1,3,4,2,2,1,3.5951
1,3,4,2,2,1,3.3451
1,3,4,2,2,1,3.7091
1,3,4,2,2,2,8.7843
1,3,4,2,2,2,7.1867
1,3,4,2,2,2,7.7009
1,3,4,3,1,1,15.558
1,3,4,3,1,1,8.9867
1,3,4,3,1,1,9.1059
1,3,4,3,1,2,5.562
1,3,4,3,1,2,8.4435
1,3,4,3,1,2,7.9337
1,3,4,3,2,1,6.2506
1,3,4,3,2,1,6.3413
1,3,4,3,2,1,6.4006
1,3,4,3,2,2,6.2635
1,3,4,3,2,2,6.3541
1,3,4,3,2,2,6.4133
1,3,7,1,1,1,31.576
1,3,7,1,1,1,24.061
1,3,7,1,1,1,24.743
1,3,7,1,1,2,28.145
1,3,7,1,1,2,24.711
1,3,7,1,1,2,24.747
1,3,7,1,2,1,7.6513
1,3,7,1,2,1,8.0157
1,3,7,1,2,1,5.4099
1,3,7,1,2,2,28.796
1,3,7,1,2,2,24.2
1,3,7,1,2,2,22.445
1,3,7,2,1,1,23.016
1,3,7,2,1,1,18.217
1,3,7,2,1,1,14.062
1,3,7,2,1,2,12.598
1,3,7,2,1,2,15.669
1,3,7,2,1,2,15.147
1,3,7,2,2,1,4.6316
1,3,7,2,2,1,4.4659
1,3,7,2,2,1,4.4242
1,3,7,2,2,2,11.41
1,3,7,2,2,2,9.5528
1,3,7,2,2,2,6.8257
1,3,7,3,1,1,24.244
1,3,7,3,1,1,25.282
1,3,7,3,1,1,25.505
1,3,7,3,1,2,6.4867
1,3,7,3,1,2,3.6319
1,3,7,3,1,2,9.3076
1,3,7,3,2,1,7.4246
1,3,7,3,2,1,8.6395
1,3,7,3,2,1,8.9928
1,3,7,3,2,2,7.4431
1,3,7,3,2,2,8.6344
1,3,7,3,2,2,8.9858
1,6,1,1,1,1,9.8178
1,6,1,1,1,1,8.2621
1,6,1,1,1,1,11.752
1,6,1,1,1,2,20.84
1,6,1,1,1,2,12.778
1,6,1,1,1,2,10.51
1,6,1,1,2,1,2.2005
1,6,1,1,2,1,2.293
1,6,1,1,2,1,1.7449
1,6,1,1,2,2,3.5562
1,6,1,1,2,2,5.4662
1,6,1,1,2,2,5.4646
1,6,1,2,1,1,12.699
1,6,1,2,1,1,13.357
1,6,1,2,1,1,12.849
1,6,1,2,1,2,5.0641
1,6,1,2,1,2,10.047
1,6,1,2,1,2,9.6206
1,6,1,2,2,1,3.0014
1,6,1,2,2,1,2.1203
1,6,1,2,2,1,2.3576
1,6,1,2,2,2,4.9882
1,6,1,2,2,2,3.275
1,6,1,2,2,2,3.6365
1,6,1,3,1,1,7.0231
1,6,1,3,1,1,6.7736
1,6,1,3,1,1,12.976
1,6,1,3,1,2,5.1588
1,6,1,3,1,2,2.6732
1,6,1,3,1,2,5.9429
1,6,1,3,2,1,2.3518
1,6,1,3,2,1,2.7334
1,6,1,3,2,1,2.966
1,6,1,3,2,2,2.3556
1,6,1,3,2,2,2.7428
1,6,1,3,2,2,2.9706
1,6,4,1,1,1,14.209
1,6,4,1,1,1,18.718
1,6,4,1,1,1,9.5208
1,6,4,1,1,2,18.76
1,6,4,1,1,2,6.0194
1,6,4,1,1,2,5.1052
1,6,4,1,2,1,6.2298
1,6,4,1,2,1,3.2078
1,6,4,1,2,1,3.4876
1,6,4,1,2,2,9.84
1,6,4,1,2,2,11.443
1,6,4,1,2,2,4.172
1,6,4,2,1,1,10.41
1,6,4,2,1,1,8.6779
1,6,4,2,1,1,14.273
1,6,4,2,1,2,9.9518
1,6,4,2,1,2,6.8568
1,6,4,2,1,2,8.6063
1,6,4,2,2,1,3.0192
1,6,4,2,2,1,3.1979
1,6,4,2,2,1,2.7786
1,6,4,2,2,2,5.6186
1,6,4,2,2,2,4.9241
1,6,4,2,2,2,4.2783
1,6,4,3,1,1,17.75
1,6,4,3,1,1,7.3513
1,6,4,3,1,1,6.0158
1,6,4,3,1,2,5.8091
1,6,4,3,1,2,2.072
1,6,4,3,1,2,2.0641
1,6,4,3,2,1,3.8878
1,6,4,3,2,1,4.3137
1,6,4,3,2,1,3.6493
1,6,4,3,2,2,3.8878
1,6,4,3,2,2,4.3182
1,6,4,3,2,2,3.6342
1,6,7,1,1,1,20.285
1,6,7,1,1,1,18.627
1,6,7,1,1,1,16.204
1,6,7,1,1,2,22.011
1,6,7,1,1,2,19.15
1,6,7,1,1,2,17.811
1,6,7,1,2,1,8.1257
1,6,7,1,2,1,9.8799
1,6,7,1,2,1,8.6224
1,6,7,1,2,2,11.208
1,6,7,1,2,2,10.439
1,6,7,1,2,2,5.9602
1,6,7,2,1,1,17.63
1,6,7,2,1,1,17.447
1,6,7,2,1,1,12.572
1,6,7,2,1,2,6.6521
1,6,7,2,1,2,6.4693
1,6,7,2,1,2,5.1721
1,6,7,2,2,1,3.1534
1,6,7,2,2,1,2.9103
1,6,7,2,2,1,3.303
1,6,7,2,2,2,4.8596
1,6,7,2,2,2,4.482
1,6,7,2,2,2,5.0637
1,6,7,3,1,1,6.7873
1,6,7,3,1,1,11.775
1,6,7,3,1,1,15.789
1,6,7,3,1,2,2.2538
1,6,7,3,1,2,3.0736
1,6,7,3,1,2,6.7068
1,6,7,3,2,1,4.0238
1,6,7,3,2,1,4.1222
1,6,7,3,2,1,4.2051
1,6,7,3,2,2,4.0262
1,6,7,3,2,2,4.1277
1,6,7,3,2,2,4.2081
1,8,1,1,1,1,2.6555
1,8,1,1,1,1,6.6243
1,8,1,1,1,1,6.8826
1,8,1,1,1,2,7.3335
1,8,1,1,1,2,4.6376
1,8,1,1,1,2,13.264
1,8,1,1,2,1,2.3341
1,8,1,1,2,1,2.001
1,8,1,1,2,1,2.7212
1,8,1,1,2,2,15.84
1,8,1,1,2,2,12.675
1,8,1,1,2,2,5.5264
1,8,1,2,1,1,14.617
1,8,1,2,1,1,10.616
1,8,1,2,1,1,3.4835
1,8,1,2,1,2,10.116
1,8,1,2,1,2,9.7393
1,8,1,2,1,2,6.4171
1,8,1,2,2,1,3.4511
1,8,1,2,2,1,2.8579
1,8,1,2,2,1,3.1846
1,8,1,2,2,2,5.2184
1,8,1,2,2,2,7.429
1,8,1,2,2,2,4.8955
1,8,1,3,1,1,6.457
1,8,1,3,1,1,6.3884
1,8,1,3,1,1,8.8242
1,8,1,3,1,2,1.8835
1,8,1,3,1,2,5.7324
1,8,1,3,1,2,5.0881
1,8,1,3,2,1,7.6442
1,8,1,3,2,1,8.2459
1,8,1,3,2,1,7.8448
1,8,1,3,2,2,7.6524
1,8,1,3,2,2,8.2483
1,8,1,3,2,2,7.8482
1,8,4,1,1,1,10.683
1,8,4,1,1,1,18.957
1,8,4,1,1,1,14.67
1,8,4,1,1,2,19.116
1,8,4,1,1,2,14.895
1,8,4,1,1,2,9.5798
1,8,4,1,2,1,4.0336
1,8,4,1,2,1,5.2104
1,8,4,1,2,1,1.8052
1,8,4,1,2,2,6.5929
1,8,4,1,2,2,14.032
1,8,4,1,2,2,3.695
1,8,4,2,1,1,11.19
1,8,4,2,1,1,13.14
1,8,4,2,1,1,13.57
1,8,4,2,1,2,7.3946
1,8,4,2,1,2,11.046
1,8,4,2,1,2,10.264
1,8,4,2,2,1,4.3765
1,8,4,2,2,1,4.4863
1,8,4,2,2,1,5.2326
1,8,4,2,2,2,6.7372
1,8,4,2,2,2,6.8936
1,8,4,2,2,2,8.0506
1,8,4,3,1,1,3.9985
1,8,4,3,1,1,9.108
1,8,4,3,1,1,10.44
1,8,4,3,1,2,3.8222
1,8,4,3,1,2,5.1042
1,8,4,3,1,2,7.2263
1,8,4,3,2,1,9.3643
1,8,4,3,2,1,10.061
1,8,4,3,2,1,11.615
1,8,4,3,2,2,9.3673
1,8,4,3,2,2,10.055
1,8,4,3,2,2,11.602
1,8,7,1,1,1,7.8941
1,8,7,1,1,1,6.9271
1,8,7,1,1,1,13.807
1,8,7,1,1,2,13.646
1,8,7,1,1,2,6.3534
1,8,7,1,1,2,5.9404
1,8,7,1,2,1,2.5865
1,8,7,1,2,1,3.6961
1,8,7,1,2,1,2.5027
1,8,7,1,2,2,10.752
1,8,7,1,2,2,8.2317
1,8,7,1,2,2,9.6674
1,8,7,2,1,1,4.9537
1,8,7,2,1,1,14.546
1,8,7,2,1,1,4.0761
1,8,7,2,1,2,7.706
1,8,7,2,1,2,4.6414
1,8,7,2,1,2,6.5785
1,8,7,2,2,1,4.6702
1,8,7,2,2,1,5.0317
1,8,7,2,2,1,5.2945
1,8,7,2,2,2,7.1941
1,8,7,2,2,2,7.748
1,8,7,2,2,2,8.1615
1,8,7,3,1,1,10.001
1,8,7,3,1,1,12.617
1,8,7,3,1,1,9.1996
1,8,7,3,1,2,3.7348
1,8,7,3,1,2,2.2346
1,8,7,3,1,2,3.469
1,8,7,3,2,1,10.813
1,8,7,3,2,1,10.971
1,8,7,3,2,1,10.631
1,8,7,3,2,2,10.802
1,8,7,3,2,2,10.977
1,8,7,3,2,2,10.621
1,9,1,1,1,1,5.1855
1,9,1,1,1,1,7.0835
1,9,1,1,1,1,2.733
1,9,1,1,1,2,4.4723
1,9,1,1,1,2,8.7711
1,9,1,1,1,2,6.2614
1,9,1,1,2,1,1.8185
1,9,1,1,2,1,3.1109
1,9,1,1,2,1,2.1688
1,9,1,1,2,2,3.7367
1,9,1,1,2,2,5.7685
1,9,1,1,2,2,4.438
1,9,1,2,1,1,3.5021
1,9,1,2,1,1,4.9922
1,9,1,2,1,1,3.616
1,9,1,2,1,2,2.6156
1,9,1,2,1,2,2.426
1,9,1,2,1,2,2.726
1,9,1,2,2,1,2.8545
1,9,1,2,2,1,3.3885
1,9,1,2,2,1,3.7374
1,9,1,2,2,2,4.3945
1,9,1,2,2,2,5.2246
1,9,1,2,2,2,5.7483
1,9,1,3,1,1,6.225
1,9,1,3,1,1,5.2656
1,9,1,3,1,1,4.0927
1,9,1,3,1,2,1.8191
1,9,1,3,1,2,2.5186
1,9,1,3,1,2,2.4437
1,9,1,3,2,1,3.3676
1,9,1,3,2,1,4.7084
1,9,1,3,2,1,6.1599
1,9,1,3,2,2,3.3639
1,9,1,3,2,2,4.713
1,9,1,3,2,2,6.1591
1,9,4,1,1,1,5.0914
1,9,4,1,1,1,3.7924
1,9,4,1,1,1,7.6837
1,9,4,1,1,2,3.8479
1,9,4,1,1,2,3.7757
1,9,4,1,1,2,4.8152
1,9,4,1,2,1,2.324
1,9,4,1,2,1,2.5511
1,9,4,1,2,1,2.6285
1,9,4,1,2,2,4.7603
1,9,4,1,2,2,8.4464
1,9,4,1,2,2,7.2044
1,9,4,2,1,1,4.7439
1,9,4,2,1,1,4.6186
1,9,4,2,1,1,4.3053
1,9,4,2,1,2,3.5588
1,9,4,2,1,2,3.4696
1,9,4,2,1,2,3.2168
1,9,4,2,2,1,5.4685
1,9,4,2,2,1,5.0036
1,9,4,2,2,1,5.2275
1,9,4,2,2,2,8.4175
1,9,4,2,2,2,7.6606
1,9,4,2,2,2,8.035
1,9,4,3,1,1,4.5199
1,9,4,3,1,1,4.9524
1,9,4,3,1,1,5.2714
1,9,4,3,1,2,2.2078
1,9,4,3,1,2,2.412
1,9,4,3,1,2,2.5618
1,9,4,3,2,1,9.1845
1,9,4,3,2,1,8.9169
1,9,4,3,2,1,8.3391
1,9,4,3,2,2,9.1845
1,9,4,3,2,2,8.8969
1,9,4,3,2,2,8.3217
1,9,7,1,1,1,3.7675
1,9,7,1,1,1,5.4563
1,9,7,1,1,1,3.6413
1,9,7,1,1,2,3.7656
1,9,7,1,1,2,3.5993
1,9,7,1,1,2,3.6611
1,9,7,1,2,1,2.4527
1,9,7,1,2,1,2.7341
1,9,7,1,2,1,2.6289
1,9,7,1,2,2,5.0045
1,9,7,1,2,2,4.7183
1,9,7,1,2,2,5.3972
1,9,7,2,1,1,4.3599
1,9,7,2,1,1,4.3851
1,9,7,2,1,1,6.7782
1,9,7,2,1,2,3.2772
1,9,7,2,1,2,3.2633
1,9,7,2,1,2,3.4607
1,9,7,2,2,1,5.0012
1,9,7,2,2,1,4.8416
1,9,7,2,2,1,5.6676
1,9,7,2,2,2,7.7057
1,9,7,2,2,2,7.4437
1,9,7,2,2,2,8.7332
1,9,7,3,1,1,4.9168
1,9,7,3,1,1,5.0349
1,9,7,3,1,1,4.9368
1,9,7,3,1,2,2.3949
1,9,7,3,1,2,2.4536
1,9,7,3,1,2,2.4137
1,9,7,3,2,1,8.6876
1,9,7,3,2,1,9.3462
1,9,7,3,2,1,10.985
1,9,7,3,2,2,8.6768
1,9,7,3,2,2,9.3586
1,9,7,3,2,2,10.948
2,1,1,1,1,1,3.3109
2,1,1,1,1,1,4.9264
2,1,1,1,1,1,2.0778
2,1,1,1,1,2,8.6087
2,1,1,1,1,2,11.124
2,1,1,1,1,2,7.0513
2,1,1,1,2,1,2.1525
2,1,1,1,2,1,2.7304
2,1,1,1,2,1,2.0209
2,1,1,1,2,2,7.3713
2,1,1,1,2,2,4.0204
2,1,1,1,2,2,8.493
2,1,1,2,1,1,5.5955
2,1,1,2,1,1,3.3092
2,1,1,2,1,1,6.8661
2,1,1,2,1,2,5.9734
2,1,1,2,1,2,6.282
2,1,1,2,1,2,4.862
2,1,1,2,2,1,3.1297
2,1,1,2,2,1,3.2521
2,1,1,2,2,1,3.0176
2,1,1,2,2,2,6.0907
2,1,1,2,2,2,9.3666
2,1,1,2,2,2,4.6654
2,1,1,3,1,1,5.6468
2,1,1,3,1,1,12.463
2,1,1,3,1,1,3.7148
2,1,1,3,1,2,4.9254
2,1,1,3,1,2,6.0064
2,1,1,3,1,2,3.4937
2,1,1,3,2,1,6.0318
2,1,1,3,2,1,5.0735
2,1,1,3,2,1,6.3185
2,1,1,3,2,2,6.0492
2,1,1,3,2,2,5.0978
2,1,1,3,2,2,6.3378
2,1,4,1,1,1,8.2747
2,1,4,1,1,1,3.2766
2,1,4,1,1,1,6.6735
2,1,4,1,1,2,9.6873
2,1,4,1,1,2,13.252
2,1,4,1,1,2,15.197
2,1,4,1,2,1,2.4051
2,1,4,1,2,1,2.2399
2,1,4,1,2,1,2.4801
2,1,4,1,2,2,4.9257
2,1,4,1,2,2,7.6129
2,1,4,1,2,2,5.105
2,1,4,2,1,1,5.5261
2,1,4,2,1,1,6.9485
2,1,4,2,1,1,4.4868
2,1,4,2,1,2,7.3232
2,1,4,2,1,2,5.6199
2,1,4,2,1,2,4.3031
2,1,4,2,2,1,3.5059
2,1,4,2,2,1,3.36
2,1,4,2,2,1,3.6214
2,1,4,2,2,2,5.3928
2,1,4,2,2,2,5.1783
2,1,4,2,2,2,7.2757
2,1,4,3,1,1,4.2962
2,1,4,3,1,1,4.9525
2,1,4,3,1,1,4.6998
2,1,4,3,1,2,3.2356
2,1,4,3,1,2,3.5545
2,1,4,3,1,2,2.3085
2,1,4,3,2,1,5.0478
2,1,4,3,2,1,7.022
2,1,4,3,2,1,8.7414
2,1,4,3,2,2,5.0599
2,1,4,3,2,2,7.0293
2,1,4,3,2,2,8.7324
2,1,7,1,1,1,4.002
2,1,7,1,1,1,3.5125
2,1,7,1,1,1,3.7273
2,1,7,1,1,2,11.087
2,1,7,1,1,2,8.6422
2,1,7,1,1,2,11.051
2,1,7,1,2,1,4.706
2,1,7,1,2,1,4.6013
2,1,7,1,2,1,4.748
2,1,7,1,2,2,7.9043
2,1,7,1,2,2,8.0566
2,1,7,1,2,2,13.62
2,1,7,2,1,1,4.1591
2,1,7,2,1,1,6.5756
2,1,7,2,1,1,4.7373
2,1,7,2,1,2,3.1121
2,1,7,2,1,2,3.3321
2,1,7,2,1,2,3.559
2,1,7,2,2,1,5.1751
2,1,7,2,2,1,5.0158
2,1,7,2,2,1,4.9134
2,1,7,2,2,2,6.4496
2,1,7,2,2,2,5.2861
2,1,7,2,2,2,6.7595
2,1,7,3,1,1,8.2823
2,1,7,3,1,1,8.1708
2,1,7,3,1,1,5.4311
2,1,7,3,1,2,5.6172
2,1,7,3,1,2,5.5999
2,1,7,3,1,2,5.9794
2,1,7,3,2,1,9.7151
2,1,7,3,2,1,11.104
2,1,7,3,2,1,9.7198
2,1,7,3,2,2,9.7051
2,1,7,3,2,2,11.107
2,1,7,3,2,2,9.6972
2,4,1,1,1,1,9.9368
2,4,1,1,1,1,5.5092
2,4,1,1,1,1,7.6066
2,4,1,1,1,2,13.373
2,4,1,1,1,2,11.637
2,4,1,1,1,2,11.323
2,4,1,1,2,1,5.0409
2,4,1,1,2,1,2.0783
2,4,1,1,2,1,2.179
2,4,1,1,2,2,11.258
2,4,1,1,2,2,4.255
2,4,1,1,2,2,4.4539
2,4,1,2,1,1,3.1904
2,4,1,2,1,1,3.0925
2,4,1,2,1,1,2.9848
2,4,1,2,1,2,2.4009
2,4,1,2,1,2,2.3277
2,4,1,2,1,2,2.2467
2,4,1,2,2,1,3.109
2,4,1,2,2,1,3.3265
2,4,1,2,2,1,3.3984
2,4,1,2,2,2,5.3874
2,4,1,2,2,2,5.0987
2,4,1,2,2,2,5.2312
2,4,1,3,1,1,10.523
2,4,1,3,1,1,3.6051
2,4,1,3,1,1,3.4951
2,4,1,3,1,2,7.1677
2,4,1,3,1,2,1.7567
2,4,1,3,1,2,1.7063
2,4,1,3,2,1,4.3568
2,4,1,3,2,1,4.5431
2,4,1,3,2,1,6.4901
2,4,1,3,2,2,4.369
2,4,1,3,2,2,4.5417
2,4,1,3,2,2,6.4948
2,4,4,1,1,1,2.9998
2,4,4,1,1,1,3.0547
2,4,4,1,1,1,7.5497
2,4,4,1,1,2,4.4794
2,4,4,1,1,2,11.354
2,4,4,1,1,2,3.1125
2,4,4,1,2,1,4.3237
2,4,4,1,2,1,4.0457
2,4,4,1,2,1,3.8865
2,4,4,1,2,2,4.8694
2,4,4,1,2,2,7.7806
2,4,4,1,2,2,4.5908
2,4,4,2,1,1,3.6076
2,4,4,2,1,1,3.5871
2,4,4,2,1,1,3.6147
2,4,4,2,1,2,2.7489
2,4,4,2,1,2,4.1083
2,4,4,2,1,2,2.7423
2,4,4,2,2,1,5.3485
2,4,4,2,2,1,4.3588
2,4,4,2,2,1,4.4533
2,4,4,2,2,2,3.8737
2,4,4,2,2,2,2.7683
2,4,4,2,2,2,4.4492
2,4,4,3,1,1,2.976
2,4,4,3,1,1,4.5245
2,4,4,3,1,1,3.1297
2,4,4,3,1,2,4.3536
2,4,4,3,1,2,4.7309
2,4,4,3,1,2,4.6296
2,4,4,3,2,1,6.7683
2,4,4,3,2,1,6.9674
2,4,4,3,2,1,9.547
2,4,4,3,2,2,6.7777
2,4,4,3,2,2,6.9687
2,4,4,3,2,2,9.5556
2,4,7,1,1,1,2.4947
2,4,7,1,1,1,2.4969
2,4,7,1,1,1,5.0967
2,4,7,1,1,2,8.003
2,4,7,1,1,2,4.1766
2,4,7,1,1,2,5.2364
2,4,7,1,2,1,3.9324
2,4,7,1,2,1,3.984
2,4,7,1,2,1,4.1496
2,4,7,1,2,2,2.6891
2,4,7,1,2,2,2.7116
2,4,7,1,2,2,2.8433
2,4,7,2,1,1,6.7501
2,4,7,2,1,1,2.3806
2,4,7,2,1,1,2.0761
2,4,7,2,1,2,3.9693
2,4,7,2,1,2,4.7206
2,4,7,2,1,2,4.6954
2,4,7,2,2,1,5.3647
2,4,7,2,2,1,4.6228
2,4,7,2,2,1,5.0672
2,4,7,2,2,2,2.7509
2,4,7,2,2,2,2.4288
2,4,7,2,2,2,2.9899
2,4,7,3,1,1,4.919
2,4,7,3,1,1,5.5557
2,4,7,3,1,1,7.196
2,4,7,3,1,2,4.6704
2,4,7,3,1,2,4.302
2,4,7,3,1,2,5.1404
2,4,7,3,2,1,6.9772
2,4,7,3,2,1,8.4539
2,4,7,3,2,1,8.734
2,4,7,3,2,2,6.982
2,4,7,3,2,2,8.4625
2,4,7,3,2,2,8.7412
2,5,1,1,1,1,11.135
2,5,1,1,1,1,2.8949
2,5,1,1,1,1,7.5004
2,5,1,1,1,2,4.783
2,5,1,1,1,2,7.6664
2,5,1,1,1,2,5.2748
2,5,1,1,2,1,3.7172
2,5,1,1,2,1,5.2613
2,5,1,1,2,1,4.3858
2,5,1,1,2,2,5.0305
2,5,1,1,2,2,6.6942
2,5,1,1,2,2,7.23
2,5,1,2,1,1,3.7695
2,5,1,2,1,1,2.5042
2,5,1,2,1,1,7.1589
2,5,1,2,1,2,6.2589
2,5,1,2,1,2,4.4232
2,5,1,2,1,2,3.7933
2,5,1,2,2,1,4.6327
2,5,1,2,2,1,4.1743
2,5,1,2,2,1,5.4758
2,5,1,2,2,2,14.906
2,5,1,2,2,2,4.7779
2,5,1,2,2,2,7.2874
2,5,1,3,1,1,5.3582
2,5,1,3,1,1,2.8443
2,5,1,3,1,1,5.1043
2,5,1,3,1,2,6.5966
2,5,1,3,1,2,6.183
2,5,1,3,1,2,6.5423
2,5,1,3,2,1,4.5848
2,5,1,3,2,1,5.2303
2,5,1,3,2,1,5.9627
2,5,1,3,2,2,4.593
2,5,1,3,2,2,5.2241
2,5,1,3,2,2,5.9627
2,5,4,1,1,1,3.1478
2,5,4,1,1,1,7.4971
2,5,4,1,1,1,8.5849
2,5,4,1,1,2,4.3217
2,5,4,1,1,2,3.2828
2,5,4,1,1,2,8.0276
2,5,4,1,2,1,5.5962
2,5,4,1,2,1,6.2558
2,5,4,1,2,1,6.7632
2,5,4,1,2,2,6.0656
2,5,4,1,2,2,6.0224
2,5,4,1,2,2,9.6435
2,5,4,2,1,1,2.7654
2,5,4,2,1,1,8.7509
2,5,4,2,1,1,2.8672
2,5,4,2,1,2,5.9292
2,5,4,2,1,2,5.9641
2,5,4,2,1,2,6.3462
2,5,4,2,2,1,6.3178
2,5,4,2,2,1,6.5046
2,5,4,2,2,1,6.827
2,5,4,2,2,2,5.377
2,5,4,2,2,2,4.9695
2,5,4,2,2,2,4.6376
2,5,4,3,1,1,11.134
2,5,4,3,1,1,6.0435
2,5,4,3,1,1,3.628
2,5,4,3,1,2,6.0838
2,5,4,3,1,2,6.4312
2,5,4,3,1,2,6.1175
2,5,4,3,2,1,6.554
2,5,4,3,2,1,7.0395
2,5,4,3,2,1,7.6515
2,5,4,3,2,2,6.5613
2,5,4,3,2,2,7.0424
2,5,4,3,2,2,7.6503
2,5,7,1,1,1,10.37
2,5,7,1,1,1,3.5822
2,5,7,1,1,1,4.0601
2,5,7,1,1,2,4.1189
2,5,7,1,1,2,3.6139
2,5,7,1,1,2,4.0769
2,5,7,1,2,1,7.2342
2,5,7,1,2,1,7.143
2,5,7,1,2,1,7.3901
2,5,7,1,2,2,13.355
2,5,7,1,2,2,10.423
2,5,7,1,2,2,5.2546
2,5,7,2,1,1,7.7522
2,5,7,2,1,1,6.0999
2,5,7,2,1,1,3.4044
2,5,7,2,1,2,5.099
2,5,7,2,1,2,6.6315
2,5,7,2,1,2,6.6254
2,5,7,2,2,1,8.0577
2,5,7,2,2,1,7.7369
2,5,7,2,2,1,7.8654
2,5,7,2,2,2,6.0628
2,5,7,2,2,2,4.7114
2,5,7,2,2,2,6.0052
2,5,7,3,1,1,5.034
2,5,7,3,1,1,8.731
2,5,7,3,1,1,4.1337
2,5,7,3,1,2,5.6374
2,5,7,3,1,2,5.4184
2,5,7,3,1,2,6.1545
2,5,7,3,2,1,9.7267
2,5,7,3,2,1,9.6992
2,5,7,3,2,1,9.3917
2,5,7,3,2,2,9.7525
2,5,7,3,2,2,9.7059
2,5,7,3,2,2,9.3996
2,7,1,1,1,1,7.0978
2,7,1,1,1,1,7.6174
2,7,1,1,1,1,4.3837
2,7,1,1,1,2,15.563
2,7,1,1,1,2,17.945
2,7,1,1,1,2,10.579
2,7,1,1,2,1,2.1532
2,7,1,1,2,1,2.0659
2,7,1,1,2,1,1.8579
2,7,1,1,2,2,5.3624
2,7,1,1,2,2,4.2226
2,7,1,1,2,2,5.5644
2,7,1,2,1,1,10.161
2,7,1,2,1,1,6.5153
2,7,1,2,1,1,5.7244
2,7,1,2,1,2,6.8405
2,7,1,2,1,2,9.9552
2,7,1,2,1,2,8.1797
2,7,1,2,2,1,3.3863
2,7,1,2,2,1,3.9492
2,7,1,2,2,1,3.2844
2,7,1,2,2,2,5.215
2,7,1,2,2,2,6.1219
2,7,1,2,2,2,5.0552
2,7,1,3,1,1,3.7957
2,7,1,3,1,1,5.5403
2,7,1,3,1,1,3.4194
2,7,1,3,1,2,4.4314
2,7,1,3,1,2,4.6591
2,7,1,3,1,2,3.6946
2,7,1,3,2,1,6.7156
2,7,1,3,2,1,5.0254
2,7,1,3,2,1,5.4054
2,7,1,3,2,2,6.7329
2,7,1,3,2,2,5.0116
2,7,1,3,2,2,5.398
2,7,4,1,1,1,6.6086
2,7,4,1,1,1,6.1488
2,7,4,1,1,1,5.3643
2,7,4,1,1,2,18.355
2,7,4,1,1,2,13.371
2,7,4,1,1,2,13.942
2,7,4,1,2,1,2.5912
2,7,4,1,2,1,2.417
2,7,4,1,2,1,5.2075
2,7,4,1,2,2,13.152
2,7,4,1,2,2,4.9348
2,7,4,1,2,2,13.007
2,7,4,2,1,1,5.2042
2,7,4,2,1,1,3.7606
2,7,4,2,1,1,8.4633
2,7,4,2,1,2,10.716
2,7,4,2,1,2,17.675
2,7,4,2,1,2,8.5029
2,7,4,2,2,1,4.4987
2,7,4,2,2,1,4.8719
2,7,4,2,2,1,5.7965
2,7,4,2,2,2,6.7121
2,7,4,2,2,2,7.4797
2,7,4,2,2,2,8.9053
2,7,4,3,1,1,6.9161
2,7,4,3,1,1,11.255
2,7,4,3,1,1,4.0347
2,7,4,3,1,2,5.7646
2,7,4,3,1,2,5.8538
2,7,4,3,1,2,5.64
2,7,4,3,2,1,7.9514
2,7,4,3,2,1,7.5004
2,7,4,3,2,1,7.2959
2,7,4,3,2,2,7.9128
2,7,4,3,2,2,7.4829
2,7,4,3,2,2,7.2838
2,7,7,1,1,1,10.526
2,7,7,1,1,1,5.0437
2,7,7,1,1,1,10.235
2,7,7,1,1,2,23.07
2,7,7,1,1,2,19.872
2,7,7,1,1,2,6.6293
2,7,7,1,2,1,4.6553
2,7,7,1,2,1,4.6478
2,7,7,1,2,1,4.4129
2,7,7,1,2,2,10.537
2,7,7,1,2,2,11.801
2,7,7,1,2,2,11.459
2,7,7,2,1,1,3.9834
2,7,7,2,1,1,2.8309
2,7,7,2,1,1,4.0302
2,7,7,2,1,2,5.3741
2,7,7,2,1,2,5.3576
2,7,7,2,1,2,5.7082
2,7,7,2,2,1,4.6808
2,7,7,2,2,1,4.9886
2,7,7,2,2,1,5.7295
2,7,7,2,2,2,5.5331
2,7,7,2,2,2,5.1082
2,7,7,2,2,2,5.375
2,7,7,3,1,1,6.8442
2,7,7,3,1,1,7.0716
2,7,7,3,1,1,6.1138
2,7,7,3,1,2,5.4216
2,7,7,3,1,2,5.6095
2,7,7,3,1,2,5.6066
2,7,7,3,2,1,8.5716
2,7,7,3,2,1,10.707
2,7,7,3,2,1,10.027
2,7,7,3,2,2,8.5743
2,7,7,3,2,2,10.71
2,7,7,3,2,2,10.031
2,10,1,1,1,1,4.5413
2,10,1,1,1,1,7.1175
2,10,1,1,1,1,5.1587
2,10,1,1,1,2,9.0883
2,10,1,1,1,2,4.9884
2,10,1,1,1,2,5.4432
2,10,1,1,2,1,4.0835
2,10,1,1,2,1,2.7031
2,10,1,1,2,1,1.8253
2,10,1,1,2,2,13.46
2,10,1,1,2,2,7.1787
2,10,1,1,2,2,5.2673
2,10,1,2,1,1,8.0084
2,10,1,2,1,1,2.5783
2,10,1,2,1,1,2.4028
2,10,1,2,1,2,9.5134
2,10,1,2,1,2,1.9507
2,10,1,2,1,2,7.5579
2,10,1,2,2,1,2.321
2,10,1,2,2,1,1.9649
2,10,1,2,2,1,2.0449
2,10,1,2,2,2,3.6026
2,10,1,2,2,2,3.0135
2,10,1,2,2,2,3.1185
2,10,1,3,1,1,7.0872
2,10,1,3,1,1,8.7779
2,10,1,3,1,1,5.9924
2,10,1,3,1,2,6.0534
2,10,1,3,1,2,2.6705
2,10,1,3,1,2,2.5426
2,10,1,3,2,1,2.975
2,10,1,3,2,1,3.1769
2,10,1,3,2,1,3.4926
2,10,1,3,2,2,2.9754
2,10,1,3,2,2,3.1716
2,10,1,3,2,2,3.4969
2,10,4,1,1,1,13.766
2,10,4,1,1,1,11.261
2,10,4,1,1,1,11.895
2,10,4,1,1,2,11.777
2,10,4,1,1,2,3.0545
2,10,4,1,1,2,6.6958
2,10,4,1,2,1,1.8885
2,10,4,1,2,1,3.9983
2,10,4,1,2,1,4.506
2,10,4,1,2,2,12.621
2,10,4,1,2,2,10.352
2,10,4,1,2,2,6.98
2,10,4,2,1,1,8.4469
2,10,4,2,1,1,9.5967
2,10,4,2,1,1,7.9089
2,10,4,2,1,2,8.3237
2,10,4,2,1,2,6.1586
2,10,4,2,1,2,3.8142
2,10,4,2,2,1,3.5966
2,10,4,2,2,1,4.8419
2,10,4,2,2,1,3.0009
2,10,4,2,2,2,5.0767
2,10,4,2,2,2,5.7124
2,10,4,2,2,2,4.8169
2,10,4,3,1,1,5.1732
2,10,4,3,1,1,8.7847
2,10,4,3,1,1,9.6042
2,10,4,3,1,2,1.8898
2,10,4,3,1,2,2.4679
2,10,4,3,1,2,1.6186
2,10,4,3,2,1,3.6192
2,10,4,3,2,1,3.8507
2,10,4,3,2,1,3.6449
2,10,4,3,2,2,3.6211
2,10,4,3,2,2,3.8511
2,10,4,3,2,2,4.3431
2,10,7,1,1,1,19.574
2,10,7,1,1,1,21.386
2,10,7,1,1,1,21.45
2,10,7,1,1,2,16.754
2,10,7,1,1,2,5.816
2,10,7,1,1,2,11.707
2,10,7,1,2,1,5.8744
2,10,7,1,2,1,3.867
2,10,7,1,2,1,4.3469
2,10,7,1,2,2,21.121
2,10,7,1,2,2,18.809
2,10,7,1,2,2,15.503
2,10,7,2,1,1,13.873
2,10,7,2,1,1,16.653
2,10,7,2,1,1,17.807
2,10,7,2,1,2,13.967
2,10,7,2,1,2,17.233
2,10,7,2,1,2,14.207
2,10,7,2,2,1,3.0233
2,10,7,2,2,1,3.4076
2,10,7,2,2,1,3.1351
2,10,7,2,2,2,7.6
2,10,7,2,2,2,5.2475
2,10,7,2,2,2,4.8357
2,10,7,3,1,1,13.522
2,10,7,3,1,1,7.582
2,10,7,3,1,1,8.8297
2,10,7,3,1,2,8.9976
2,10,7,3,1,2,9.967
2,10,7,3,1,2,9.0393
2,10,7,3,2,1,4.1835
2,10,7,3,2,1,4.6461
2,10,7,3,2,1,4.3606
2,10,7,3,2,2,4.1742
2,10,7,3,2,2,4.6445
2,10,7,3,2,2,4.3582
