group , participant , session , IDRight , IDLeft , hand , value
1,2,1,1,1,1,1.0488
1,2,1,1,1,1,1.4587
1,2,1,1,1,1,1.4295
1,2,1,1,1,2,1.5562
1,2,1,1,1,2,1.604
1,2,1,1,1,2,1.5811
1,2,1,1,2,1,1.5498
1,2,1,1,2,1,1.3435
1,2,1,1,2,1,1.1356
1,2,1,1,2,2,1.3232
1,2,1,1,2,2,1.1206
1,2,1,1,2,2,1.171
1,2,1,2,1,1,1.1265
1,2,1,2,1,1,1.6574
1,2,1,2,1,1,1.3693
1,2,1,2,1,2,1.4868
1,2,1,2,1,2,1.5495
1,2,1,2,1,2,1.4602
1,2,1,2,2,1,1.1134
1,2,1,2,2,1,1.0125
1,2,1,2,2,1,0.89083
1,2,1,2,2,2,0.99371
1,2,1,2,2,2,1.0081
1,2,1,2,2,2,0.89113
1,2,1,3,1,1,1.325
1,2,1,3,1,1,1.2869
1,2,1,3,1,1,1.4007
1,2,1,3,1,2,1.2821
1,2,1,3,1,2,1.358
1,2,1,3,1,2,1.3587
1,2,1,3,2,1,0.72489
1,2,1,3,2,1,0.62685
1,2,1,3,2,1,0.50594
1,2,1,3,2,2,0.63129
1,2,1,3,2,2,0.60447
1,2,1,3,2,2,0.51046
1,2,4,1,1,1,0.71879
1,2,4,1,1,1,0.86809
1,2,4,1,1,1,1.1292
1,2,4,1,1,2,0.81528
1,2,4,1,1,2,1.0997
1,2,4,1,1,2,1.3088
1,2,4,1,2,1,0.83386
1,2,4,1,2,1,0.87181
1,2,4,1,2,1,0.79855
1,2,4,1,2,2,0.78361
1,2,4,1,2,2,0.86257
1,2,4,1,2,2,0.78521
1,2,4,2,1,1,1.0994
1,2,4,2,1,1,1.1757
1,2,4,2,1,1,1.073
1,2,4,2,1,2,1.0782
1,2,4,2,1,2,1.2103
1,2,4,2,1,2,1.1115
1,2,4,2,2,1,0.54095
1,2,4,2,2,1,0.4364
1,2,4,2,2,1,0.40895
1,2,4,2,2,2,0.49795
1,2,4,2,2,2,0.40532
1,2,4,2,2,2,0.37827
1,2,4,3,1,1,0.99851
1,2,4,3,1,1,0.92726
1,2,4,3,1,1,0.91764
1,2,4,3,1,2,0.96553
1,2,4,3,1,2,0.87438
1,2,4,3,1,2,0.88595
1,2,4,3,2,1,0.28009
1,2,4,3,2,1,0.24514
1,2,4,3,2,1,0.31289
1,2,4,3,2,2,0.28425
1,2,4,3,2,2,0.24518
1,2,4,3,2,2,0.29889
1,2,7,1,1,1,1.037
1,2,7,1,1,1,1.025
1,2,7,1,1,1,0.98298
1,2,7,1,1,2,1.0484
1,2,7,1,1,2,1.062
1,2,7,1,1,2,0.97794
1,2,7,1,2,1,0.78589
1,2,7,1,2,1,0.75616
1,2,7,1,2,1,0.81106
1,2,7,1,2,2,0.75194
1,2,7,1,2,2,0.73918
1,2,7,1,2,2,0.76362
1,2,7,2,1,1,0.87273
1,2,7,2,1,1,0.94254
1,2,7,2,1,1,1.0249
1,2,7,2,1,2,0.90796
1,2,7,2,1,2,0.90791
1,2,7,2,1,2,0.99466
1,2,7,2,2,1,0.5188
1,2,7,2,2,1,0.4631
1,2,7,2,2,1,0.50196
1,2,7,2,2,2,0.44552
1,2,7,2,2,2,0.46251
1,2,7,2,2,2,0.50145
1,2,7,3,1,1,1.0317
1,2,7,3,1,1,0.92975
1,2,7,3,1,1,0.88904
1,2,7,3,1,2,1.0399
1,2,7,3,1,2,0.93079
1,2,7,3,1,2,0.88824
1,2,7,3,2,1,0.23365
1,2,7,3,2,1,0.2641
1,2,7,3,2,1,0.20649
1,2,7,3,2,2,0.23371
1,2,7,3,2,2,0.24058
1,2,7,3,2,2,0.20413
1,3,1,1,1,1,1.0604
1,3,1,1,1,1,1.3352
1,3,1,1,1,1,1.411
1,3,1,1,1,2,0.88082
1,3,1,1,1,2,1.1126
1,3,1,1,1,2,1.2849
1,3,1,1,2,1,1.237
1,3,1,1,2,1,1.0918
1,3,1,1,2,1,1.1638
1,3,1,1,2,2,0.83431
1,3,1,1,2,2,0.76935
1,3,1,1,2,2,0.6957
1,3,1,2,1,1,1.4562
1,3,1,2,1,1,1.1511
1,3,1,2,1,1,1.2196
1,3,1,2,1,2,1.2334
1,3,1,2,1,2,1.1526
1,3,1,2,1,2,1.0474
1,3,1,2,2,1,0.81735
1,3,1,2,2,1,0.78979
1,3,1,2,2,1,0.77006
1,3,1,2,2,2,0.75498
1,3,1,2,2,2,0.75571
1,3,1,2,2,2,0.69149
1,3,1,3,1,1,1.1599
1,3,1,3,1,1,1.1149
1,3,1,3,1,1,1.4931
1,3,1,3,1,2,1.2019
1,3,1,3,1,2,1.1082
1,3,1,3,1,2,1.396
1,3,1,3,2,1,0.5788
1,3,1,3,2,1,0.54322
1,3,1,3,2,1,0.49967
1,3,1,3,2,2,0.57812
1,3,1,3,2,2,0.54316
1,3,1,3,2,2,0.49964
1,3,4,1,1,1,0.91921
1,3,4,1,1,1,1.0352
1,3,4,1,1,1,1.1437
1,3,4,1,1,2,1.0022
1,3,4,1,1,2,0.964
1,3,4,1,1,2,1.171
1,3,4,1,2,1,0.84017
1,3,4,1,2,1,0.92528
1,3,4,1,2,1,1.0989
1,3,4,1,2,2,0.66461
1,3,4,1,2,2,0.68977
1,3,4,1,2,2,0.85011
1,3,4,2,1,1,1.0124
1,3,4,2,1,1,1.1723
1,3,4,2,1,1,1.0119
1,3,4,2,1,2,0.84119
1,3,4,2,1,2,1.0636
1,3,4,2,1,2,0.90995
1,3,4,2,2,1,0.72928
1,3,4,2,2,1,0.78641
1,3,4,2,2,1,0.70761
1,3,4,2,2,2,0.69945
1,3,4,2,2,2,0.76006
1,3,4,2,2,2,0.69428
1,3,4,3,1,1,1.0015
1,3,4,3,1,1,1.2177
1,3,4,3,1,1,1.1824
1,3,4,3,1,2,1.0388
1,3,4,3,1,2,0.99052
1,3,4,3,1,2,0.98452
1,3,4,3,2,1,0.41812
1,3,4,3,2,1,0.41149
1,3,4,3,2,1,0.41394
1,3,4,3,2,2,0.41695
1,3,4,3,2,2,0.41019
1,3,4,3,2,2,0.41248
1,3,7,1,1,1,0.58302
1,3,7,1,1,1,0.73033
1,3,7,1,1,1,0.66821
1,3,7,1,1,2,0.73701
1,3,7,1,1,2,0.69004
1,3,7,1,1,2,0.79619
1,3,7,1,2,1,0.77974
1,3,7,1,2,1,0.86056
1,3,7,1,2,1,0.91572
1,3,7,1,2,2,0.60648
1,3,7,1,2,2,0.718
1,3,7,1,2,2,0.70923
1,3,7,2,1,1,0.81403
1,3,7,2,1,1,0.86768
1,3,7,2,1,1,0.83556
1,3,7,2,1,2,0.8836
1,3,7,2,1,2,0.82553
1,3,7,2,1,2,0.78554
1,3,7,2,2,1,0.66053
1,3,7,2,2,1,0.58651
1,3,7,2,2,1,0.59032
1,3,7,2,2,2,0.61397
1,3,7,2,2,2,0.56529
1,3,7,2,2,2,0.58964
1,3,7,3,1,1,0.69115
1,3,7,3,1,1,0.727
1,3,7,3,1,1,0.68693
1,3,7,3,1,2,0.91154
1,3,7,3,1,2,1.0561
1,3,7,3,1,2,0.79651
1,3,7,3,2,1,0.3567
1,3,7,3,2,1,0.30217
1,3,7,3,2,1,0.29033
1,3,7,3,2,2,0.35552
1,3,7,3,2,2,0.30234
1,3,7,3,2,2,0.29018
1,6,1,1,1,1,2.1782
1,6,1,1,1,1,2.6727
1,6,1,1,1,1,2.0311
1,6,1,1,1,2,1.6715
1,6,1,1,1,2,2.2721
1,6,1,1,1,2,2.0332
1,6,1,1,2,1,1.483
1,6,1,1,2,1,1.5807
1,6,1,1,2,1,1.5249
1,6,1,1,2,2,1.5106
1,6,1,1,2,2,1.5728
1,6,1,1,2,2,1.4594
1,6,1,2,1,1,1.687
1,6,1,2,1,1,1.5531
1,6,1,2,1,1,1.4608
1,6,1,2,1,2,1.8586
1,6,1,2,1,2,1.598
1,6,1,2,1,2,1.5246
1,6,1,2,2,1,1.1346
1,6,1,2,2,1,1.2459
1,6,1,2,2,1,1.1167
1,6,1,2,2,2,1.1309
1,6,1,2,2,2,1.246
1,6,1,2,2,2,1.1157
1,6,1,3,1,1,1.5837
1,6,1,3,1,1,1.5804
1,6,1,3,1,1,1.3361
1,6,1,3,1,2,1.4463
1,6,1,3,1,2,1.6383
1,6,1,3,1,2,1.3192
1,6,1,3,2,1,1.119
1,6,1,3,2,1,0.95866
1,6,1,3,2,1,0.88258
1,6,1,3,2,2,1.1176
1,6,1,3,2,2,0.957
1,6,1,3,2,2,0.88169
1,6,4,1,1,1,1.468
1,6,4,1,1,1,1.3255
1,6,4,1,1,1,1.5193
1,6,4,1,1,2,1.2795
1,6,4,1,1,2,1.7042
1,6,4,1,1,2,1.6855
1,6,4,1,2,1,1.3232
1,6,4,1,2,1,1.2802
1,6,4,1,2,1,1.2343
1,6,4,1,2,2,1.3677
1,6,4,1,2,2,1.1762
1,6,4,1,2,2,1.2877
1,6,4,2,1,1,1.4339
1,6,4,2,1,1,1.3037
1,6,4,2,1,1,1.2551
1,6,4,2,1,2,1.3369
1,6,4,2,1,2,1.3554
1,6,4,2,1,2,1.2703
1,6,4,2,2,1,0.86996
1,6,4,2,2,1,0.81594
1,6,4,2,2,1,0.94319
1,6,4,2,2,2,0.83487
1,6,4,2,2,2,0.81594
1,6,4,2,2,2,0.9396
1,6,4,3,1,1,1.0349
1,6,4,3,1,1,1.2125
1,6,4,3,1,1,1.212
1,6,4,3,1,2,1.1466
1,6,4,3,1,2,1.2595
1,6,4,3,1,2,1.263
1,6,4,3,2,1,0.67191
1,6,4,3,2,1,0.6036
1,6,4,3,2,1,0.71623
1,6,4,3,2,2,0.67176
1,6,4,3,2,2,0.60273
1,6,4,3,2,2,0.71723
1,6,7,1,1,1,1.2184
1,6,7,1,1,1,1.0991
1,6,7,1,1,1,1.3231
1,6,7,1,1,2,1.2119
1,6,7,1,1,2,1.1652
1,6,7,1,1,2,1.2293
1,6,7,1,2,1,1.0101
1,6,7,1,2,1,0.87877
1,6,7,1,2,1,0.90252
1,6,7,1,2,2,1.0463
1,6,7,1,2,2,1.0176
1,6,7,1,2,2,1.069
1,6,7,2,1,1,0.96902
1,6,7,2,1,1,1.0867
1,6,7,2,1,1,1.1365
1,6,7,2,1,2,1.1456
1,6,7,2,1,2,1.282
1,6,7,2,1,2,1.246
1,6,7,2,2,1,0.82867
1,6,7,2,2,1,0.90039
1,6,7,2,2,1,0.79238
1,6,7,2,2,2,0.82744
1,6,7,2,2,2,0.89929
1,6,7,2,2,2,0.79291
1,6,7,3,1,1,1.1112
1,6,7,3,1,1,1.1086
1,6,7,3,1,1,0.98655
1,6,7,3,1,2,1.1588
1,6,7,3,1,2,1.204
1,6,7,3,1,2,0.98644
1,6,7,3,2,1,0.64773
1,6,7,3,2,1,0.63147
1,6,7,3,2,1,0.61898
1,6,7,3,2,2,0.64715
1,6,7,3,2,2,0.63044
1,6,7,3,2,2,0.61857
1,8,1,1,1,1,2.0516
1,8,1,1,1,1,1.7705
1,8,1,1,1,1,1.9681
1,8,1,1,1,2,1.7778
1,8,1,1,1,2,1.7749
1,8,1,1,1,2,1.6018
1,8,1,1,2,1,1.1318
1,8,1,1,2,1,1.3211
1,8,1,1,2,1,1.1274
1,8,1,1,2,2,0.90428
1,8,1,1,2,2,1.1337
1,8,1,1,2,2,1.1307
1,8,1,2,1,1,1.0054
1,8,1,2,1,1,1.4515
1,8,1,2,1,1,1.5549
1,8,1,2,1,2,1.0052
1,8,1,2,1,2,1.3566
1,8,1,2,1,2,1.4028
1,8,1,2,2,1,0.77813
1,8,1,2,2,1,0.92053
1,8,1,2,2,1,0.82278
1,8,1,2,2,2,0.77762
1,8,1,2,2,2,0.85367
1,8,1,2,2,2,0.82191
1,8,1,3,1,1,1.3388
1,8,1,3,1,1,1.3843
1,8,1,3,1,1,1.3119
1,8,1,3,1,2,1.3955
1,8,1,3,1,2,1.165
1,8,1,3,1,2,1.2299
1,8,1,3,2,1,0.34076
1,8,1,3,2,1,0.31567
1,8,1,3,2,1,0.33182
1,8,1,3,2,2,0.34036
1,8,1,3,2,2,0.31558
1,8,1,3,2,2,0.33169
1,8,4,1,1,1,1.3929
1,8,4,1,1,1,1.2223
1,8,4,1,1,1,1.2813
1,8,4,1,1,2,1.1344
1,8,4,1,1,2,1.3697
1,8,4,1,1,2,1.4221
1,8,4,1,2,1,1.1512
1,8,4,1,2,1,1.1389
1,8,4,1,2,1,1.4516
1,8,4,1,2,2,1.1216
1,8,4,1,2,2,1.0522
1,8,4,1,2,2,1.4525
1,8,4,2,1,1,1.2417
1,8,4,2,1,1,1.2569
1,8,4,2,1,1,1.1201
1,8,4,2,1,2,1.2495
1,8,4,2,1,2,1.2313
1,8,4,2,1,2,1.1158
1,8,4,2,2,1,0.59642
1,8,4,2,2,1,0.58023
1,8,4,2,2,1,0.49769
1,8,4,2,2,2,0.59707
1,8,4,2,2,2,0.58105
1,8,4,2,2,2,0.49778
1,8,4,3,1,1,1.3475
1,8,4,3,1,1,1.2001
1,8,4,3,1,1,1.2243
1,8,4,3,1,2,1.2852
1,8,4,3,1,2,1.1819
1,8,4,3,1,2,1.1429
1,8,4,3,2,1,0.27811
1,8,4,3,2,1,0.25873
1,8,4,3,2,1,0.22447
1,8,4,3,2,2,0.27802
1,8,4,3,2,2,0.25878
1,8,4,3,2,2,0.22465
1,8,7,1,1,1,1.3468
1,8,7,1,1,1,1.4145
1,8,7,1,1,1,1.1389
1,8,7,1,1,2,1.1774
1,8,7,1,1,2,1.4118
1,8,7,1,1,2,1.3264
1,8,7,1,2,1,1.0138
1,8,7,1,2,1,1.1082
1,8,7,1,2,1,1.0429
1,8,7,1,2,2,0.93815
1,8,7,1,2,2,1.1054
1,8,7,1,2,2,0.9848
1,8,7,2,1,1,1.3301
1,8,7,2,1,1,1.1036
1,8,7,2,1,1,1.3193
1,8,7,2,1,2,1.2182
1,8,7,2,1,2,1.2332
1,8,7,2,1,2,1.2076
1,8,7,2,2,1,0.55784
1,8,7,2,2,1,0.51868
1,8,7,2,2,1,0.49184
1,8,7,2,2,2,0.55795
1,8,7,2,2,2,0.51885
1,8,7,2,2,2,0.49167
1,8,7,3,1,1,1.0321
1,8,7,3,1,1,1.0627
1,8,7,3,1,1,1.041
1,8,7,3,1,2,1.0726
1,8,7,3,1,2,1.1705
1,8,7,3,1,2,1.1017
1,8,7,3,2,1,0.24178
1,8,7,3,2,1,0.23753
1,8,7,3,2,1,0.24595
1,8,7,3,2,2,0.24191
1,8,7,3,2,2,0.23721
1,8,7,3,2,2,0.24588
1,9,1,1,1,1,1.9106
1,9,1,1,1,1,1.8207
1,9,1,1,1,1,1.9727
1,9,1,1,1,2,1.845
1,9,1,1,1,2,1.5547
1,9,1,1,1,2,1.8192
1,9,1,1,2,1,1.451
1,9,1,1,2,1,1.2017
1,9,1,1,2,1,1.2048
1,9,1,1,2,2,1.4482
1,9,1,1,2,2,1.2449
1,9,1,1,2,2,1.2044
1,9,1,2,1,1,1.5517
1,9,1,2,1,1,1.6254
1,9,1,2,1,1,1.4905
1,9,1,2,1,2,1.5529
1,9,1,2,1,2,1.704
1,9,1,2,1,2,1.4902
1,9,1,2,2,1,0.91655
1,9,1,2,2,1,0.76911
1,9,1,2,2,1,0.69808
1,9,1,2,2,2,0.91666
1,9,1,2,2,2,0.76906
1,9,1,2,2,2,0.69824
1,9,1,3,1,1,1.3845
1,9,1,3,1,1,1.3084
1,9,1,3,1,1,1.3128
1,9,1,3,1,2,1.4487
1,9,1,3,1,2,1.2996
1,9,1,3,1,2,1.2554
1,9,1,3,2,1,0.78206
1,9,1,3,2,1,0.55389
1,9,1,3,2,1,0.42616
1,9,1,3,2,2,0.78212
1,9,1,3,2,2,0.5536
1,9,1,3,2,2,0.42605
1,9,4,1,1,1,1.3724
1,9,4,1,1,1,1.4291
1,9,4,1,1,1,1.4007
1,9,4,1,1,2,1.4028
1,9,4,1,1,2,1.4263
1,9,4,1,1,2,1.4549
1,9,4,1,2,1,1.1305
1,9,4,1,2,1,1.054
1,9,4,1,2,1,0.99798
1,9,4,1,2,2,1.131
1,9,4,1,2,2,0.90561
1,9,4,1,2,2,0.97883
1,9,4,2,1,1,1.1336
1,9,4,2,1,1,1.1574
1,9,4,2,1,1,1.2519
1,9,4,2,1,2,1.1335
1,9,4,2,1,2,1.158
1,9,4,2,1,2,1.2506
1,9,4,2,2,1,0.47987
1,9,4,2,2,1,0.52649
1,9,4,2,2,1,0.49905
1,9,4,2,2,2,0.47894
1,9,4,2,2,2,0.5266
1,9,4,2,2,2,0.49907
1,9,4,3,1,1,1.1889
1,9,4,3,1,1,1.0827
1,9,4,3,1,1,1.0217
1,9,4,3,1,2,1.1875
1,9,4,3,1,2,1.0823
1,9,4,3,1,2,1.0207
1,9,4,3,2,1,0.28369
1,9,4,3,2,1,0.29218
1,9,4,3,2,1,0.313
1,9,4,3,2,2,0.28373
1,9,4,3,2,2,0.29276
1,9,4,3,2,2,0.31318
1,9,7,1,1,1,1.4411
1,9,7,1,1,1,1.4228
1,9,7,1,1,1,1.4808
1,9,7,1,1,2,1.4371
1,9,7,1,1,2,1.4992
1,9,7,1,1,2,1.481
1,9,7,1,2,1,1.0753
1,9,7,1,2,1,1.1049
1,9,7,1,2,1,0.99938
1,9,7,1,2,2,1.0722
1,9,7,1,2,2,1.1542
1,9,7,1,2,2,0.9994
1,9,7,2,1,1,1.2311
1,9,7,2,1,1,1.2334
1,9,7,2,1,1,1.1169
1,9,7,2,1,2,1.2292
1,9,7,2,1,2,1.2361
1,9,7,2,1,2,1.1637
1,9,7,2,2,1,0.52253
1,9,7,2,2,1,0.54167
1,9,7,2,2,1,0.461
1,9,7,2,2,2,0.5216
1,9,7,2,2,2,0.54178
1,9,7,2,2,2,0.46085
1,9,7,3,1,1,1.0926
1,9,7,3,1,1,1.0783
1,9,7,3,1,1,1.0894
1,9,7,3,1,2,1.0926
1,9,7,3,1,2,1.0785
1,9,7,3,1,2,1.0868
1,9,7,3,2,1,0.2998
1,9,7,3,2,1,0.2786
1,9,7,3,2,1,0.23737
1,9,7,3,2,2,0.29993
1,9,7,3,2,2,0.27818
1,9,7,3,2,2,0.23784
2,1,1,1,1,1,2.255
2,1,1,1,1,1,2.1199
2,1,1,1,1,1,2.5888
2,1,1,1,1,2,1.8253
2,1,1,1,1,2,1.6173
2,1,1,1,1,2,2.1409
2,1,1,1,2,1,1.2289
2,1,1,1,2,1,1.3118
2,1,1,1,2,1,1.3791
2,1,1,1,2,2,1.1799
2,1,1,1,2,2,1.3597
2,1,1,1,2,2,1.2708
2,1,1,2,1,1,1.6231
2,1,1,2,1,1,1.6455
2,1,1,2,1,1,1.6006
2,1,1,2,1,2,1.5362
2,1,1,2,1,2,1.3999
2,1,1,2,1,2,1.515
2,1,1,2,2,1,1.0222
2,1,1,2,2,1,0.80418
2,1,1,2,2,1,0.86853
2,1,1,2,2,2,1.0196
2,1,1,2,2,2,0.78942
2,1,1,2,2,2,0.8685
2,1,1,3,1,1,1.3892
2,1,1,3,1,1,1.1638
2,1,1,3,1,1,1.4477
2,1,1,3,1,2,1.1877
2,1,1,3,1,2,1.1642
2,1,1,3,1,2,1.3246
2,1,1,3,2,1,0.43215
2,1,1,3,2,1,0.51594
2,1,1,3,2,1,0.42368
2,1,1,3,2,2,0.43111
2,1,1,3,2,2,0.51521
2,1,1,3,2,2,0.42319
2,1,4,1,1,1,1.8268
2,1,4,1,1,1,1.683
2,1,4,1,1,1,1.6333
2,1,4,1,1,2,1.6228
2,1,4,1,1,2,1.2354
2,1,4,1,1,2,1.3716
2,1,4,1,2,1,1.0864
2,1,4,1,2,1,1.1824
2,1,4,1,2,1,1.0556
2,1,4,1,2,2,1.0848
2,1,4,1,2,2,1.129
2,1,4,1,2,2,1.0548
2,1,4,2,1,1,1.4027
2,1,4,2,1,1,1.1829
2,1,4,2,1,1,1.1972
2,1,4,2,1,2,1.236
2,1,4,2,1,2,1.1814
2,1,4,2,1,2,1.1516
2,1,4,2,2,1,0.75385
2,1,4,2,2,1,0.77484
2,1,4,2,2,1,0.71945
2,1,4,2,2,2,0.7544
2,1,4,2,2,2,0.77453
2,1,4,2,2,2,0.70947
2,1,4,3,1,1,1.247
2,1,4,3,1,1,1.0856
2,1,4,3,1,1,1.1494
2,1,4,3,1,2,1.2
2,1,4,3,1,2,1.0449
2,1,4,3,1,2,1.1423
2,1,4,3,2,1,0.51665
2,1,4,3,2,1,0.37198
2,1,4,3,2,1,0.3056
2,1,4,3,2,2,0.51622
2,1,4,3,2,2,0.37172
2,1,4,3,2,2,0.30584
2,1,7,1,1,1,1.465
2,1,7,1,1,1,1.5397
2,1,7,1,1,1,1.4551
2,1,7,1,1,2,1.2796
2,1,7,1,1,2,1.3879
2,1,7,1,1,2,1.2344
2,1,7,1,2,1,0.558
2,1,7,1,2,1,0.57085
2,1,7,1,2,1,0.55329
2,1,7,1,2,2,1.4925
2,1,7,1,2,2,1.4883
2,1,7,1,2,2,1.3282
2,1,7,2,1,1,1.2974
2,1,7,2,1,1,1.1584
2,1,7,2,1,1,1.1352
2,1,7,2,1,2,1.2946
2,1,7,2,1,2,1.2072
2,1,7,2,1,2,1.1334
2,1,7,2,2,1,0.50659
2,1,7,2,2,1,0.52145
2,1,7,2,2,1,0.53435
2,1,7,2,2,2,0.97532
2,1,7,2,2,2,0.94587
2,1,7,2,2,2,0.98698
2,1,7,3,1,1,1.8716
2,1,7,3,1,1,1.8283
2,1,7,3,1,1,1.9672
2,1,7,3,1,2,0.46399
2,1,7,3,1,2,0.46802
2,1,7,3,1,2,0.43635
2,1,7,3,2,1,0.28675
2,1,7,3,2,1,0.23491
2,1,7,3,2,1,0.27016
2,1,7,3,2,2,0.28671
2,1,7,3,2,2,0.23457
2,1,7,3,2,2,0.27051
2,4,1,1,1,1,1.8287
2,4,1,1,1,1,2.082
2,4,1,1,1,1,2.2591
2,4,1,1,1,2,1.7767
2,4,1,1,1,2,1.7877
2,4,1,1,1,2,2.1888
2,4,1,1,2,1,1.1869
2,4,1,1,2,1,1.2653
2,4,1,1,2,1,1.201
2,4,1,1,2,2,1.1489
2,4,1,1,2,2,1.2643
2,4,1,1,2,2,1.2004
2,4,1,2,1,1,1.683
2,4,1,2,1,1,1.7302
2,4,1,2,1,1,1.8002
2,4,1,2,1,2,1.6806
2,4,1,2,1,2,1.7288
2,4,1,2,1,2,1.7949
2,4,1,2,2,1,0.85196
2,4,1,2,2,1,0.79262
2,4,1,2,2,1,0.76829
2,4,1,2,2,2,0.8274
2,4,1,2,2,2,0.79204
2,4,1,2,2,2,0.76784
2,4,1,3,1,1,1.5881
2,4,1,3,1,1,1.4858
2,4,1,3,1,1,1.5388
2,4,1,3,1,2,1.3998
2,4,1,3,1,2,1.4875
2,4,1,3,1,2,1.5361
2,4,1,3,2,1,0.59847
2,4,1,3,2,1,0.57942
2,4,1,3,2,1,0.40864
2,4,1,3,2,2,0.59667
2,4,1,3,2,2,0.57479
2,4,1,3,2,2,0.40849
2,4,4,1,1,1,1.7906
2,4,4,1,1,1,1.759
2,4,4,1,1,1,1.5903
2,4,4,1,1,2,1.7061
2,4,4,1,1,2,1.4837
2,4,4,1,1,2,1.7231
2,4,4,1,2,1,0.60567
2,4,4,1,2,1,0.64934
2,4,4,1,2,1,0.67184
2,4,4,1,2,2,1.6844
2,4,4,1,2,2,1.6476
2,4,4,1,2,2,1.7978
2,4,4,2,1,1,1.4893
2,4,4,2,1,1,1.4902
2,4,4,2,1,1,1.4796
2,4,4,2,1,2,1.4824
2,4,4,2,1,2,1.4353
2,4,4,2,1,2,1.4678
2,4,4,2,2,1,0.49155
2,4,4,2,2,1,0.59876
2,4,4,2,2,1,0.585
2,4,4,2,2,2,1.3411
2,4,4,2,2,2,1.657
2,4,4,2,2,2,1.603
2,4,4,3,1,1,1.8056
2,4,4,3,1,1,1.5908
2,4,4,3,1,1,1.7169
2,4,4,3,1,2,0.60493
2,4,4,3,1,2,0.55574
2,4,4,3,1,2,0.57026
2,4,4,3,2,1,0.3848
2,4,4,3,2,1,0.37484
2,4,4,3,2,1,0.27249
2,4,4,3,2,2,0.38453
2,4,4,3,2,2,0.37492
2,4,4,3,2,2,0.27251
2,4,7,1,1,1,2.1452
2,4,7,1,1,1,2.1507
2,4,7,1,1,1,1.9672
2,4,7,1,1,2,1.9335
2,4,7,1,1,2,2.0692
2,4,7,1,1,2,1.9293
2,4,7,1,2,1,0.66323
2,4,7,1,2,1,0.65556
2,4,7,1,2,1,0.62883
2,4,7,1,2,2,1.9876
2,4,7,1,2,2,1.974
2,4,7,1,2,2,1.893
2,4,7,2,1,1,2.8264
2,4,7,2,1,1,2.5076
2,4,7,2,1,1,2.5759
2,4,7,2,1,2,1.0177
2,4,7,2,1,2,0.85681
2,4,7,2,1,2,0.85841
2,4,7,2,2,1,0.48585
2,4,7,2,2,1,0.56344
2,4,7,2,2,1,0.51473
2,4,7,2,2,2,1.4606
2,4,7,2,2,2,1.6704
2,4,7,2,2,2,1.5032
2,4,7,3,1,1,1.6909
2,4,7,3,1,1,1.8078
2,4,7,3,1,1,1.3624
2,4,7,3,1,2,0.5724
2,4,7,3,1,2,0.61114
2,4,7,3,1,2,0.54022
2,4,7,3,2,1,0.37389
2,4,7,3,2,1,0.3101
2,4,7,3,2,1,0.30578
2,4,7,3,2,2,0.37396
2,4,7,3,2,2,0.30982
2,4,7,3,2,2,0.30495
2,5,1,1,1,1,1.4844
2,5,1,1,1,1,1.8647
2,5,1,1,1,1,1.4846
2,5,1,1,1,2,1.6161
2,5,1,1,1,2,1.6109
2,5,1,1,1,2,1.5771
2,5,1,1,2,1,0.72293
2,5,1,1,2,1,0.50668
2,5,1,1,2,1,0.60436
2,5,1,1,2,2,1.8687
2,5,1,1,2,2,1.3062
2,5,1,1,2,2,1.6171
2,5,1,2,1,1,2.4006
2,5,1,2,1,1,3.1643
2,5,1,2,1,1,1.7132
2,5,1,2,1,2,0.74082
2,5,1,2,1,2,0.98251
2,5,1,2,1,2,1.0813
2,5,1,2,2,1,0.65822
2,5,1,2,2,1,0.6978
2,5,1,2,2,1,0.53978
2,5,1,2,2,2,0.89988
2,5,1,2,2,2,1.2244
2,5,1,2,2,2,0.88203
2,5,1,3,1,1,1.4768
2,5,1,3,1,1,1.9154
2,5,1,3,1,1,1.6093
2,5,1,3,1,2,0.42434
2,5,1,3,1,2,0.42587
2,5,1,3,1,2,0.40613
2,5,1,3,2,1,0.57898
2,5,1,3,2,1,0.50006
2,5,1,3,2,1,0.43733
2,5,1,3,2,2,0.57834
2,5,1,3,2,2,0.50049
2,5,1,3,2,2,0.43741
2,5,4,1,1,1,1.7041
2,5,4,1,1,1,1.5273
2,5,4,1,1,1,1.1701
2,5,4,1,1,2,1.6379
2,5,4,1,1,2,1.6439
2,5,4,1,1,2,1.1673
2,5,4,1,2,1,0.46654
2,5,4,1,2,1,0.41738
2,5,4,1,2,1,0.38608
2,5,4,1,2,2,1.302
2,5,4,1,2,2,1.296
2,5,4,1,2,2,1.1709
2,5,4,2,1,1,1.9484
2,5,4,2,1,1,1.7104
2,5,4,2,1,1,1.8742
2,5,4,2,1,2,0.68323
2,5,4,2,1,2,0.67504
2,5,4,2,1,2,0.63342
2,5,4,2,2,1,0.4142
2,5,4,2,2,1,0.40173
2,5,4,2,2,1,0.38208
2,5,4,2,2,2,0.76026
2,5,4,2,2,2,0.81164
2,5,4,2,2,2,0.86885
2,5,4,3,1,1,1.6176
2,5,4,3,1,1,1.539
2,5,4,3,1,1,1.5125
2,5,4,3,1,2,0.42908
2,5,4,3,1,2,0.41175
2,5,4,3,1,2,0.42913
2,5,4,3,2,1,0.39784
2,5,4,3,2,1,0.36987
2,5,4,3,2,1,0.34071
2,5,4,3,2,2,0.39756
2,5,4,3,2,2,0.3698
2,5,4,3,2,2,0.34071
2,5,7,1,1,1,1.2083
2,5,7,1,1,1,1.4993
2,5,7,1,1,1,1.3202
2,5,7,1,1,2,1.3002
2,5,7,1,1,2,1.4957
2,5,7,1,1,2,1.3166
2,5,7,1,2,1,0.36139
2,5,7,1,2,1,0.36547
2,5,7,1,2,1,0.35334
2,5,7,1,2,2,0.99251
2,5,7,1,2,2,1.1993
2,5,7,1,2,2,1.031
2,5,7,2,1,1,1.5999
2,5,7,2,1,1,1.3756
2,5,7,2,1,1,1.5829
2,5,7,2,1,2,0.79444
2,5,7,2,1,2,0.61635
2,5,7,2,1,2,0.60937
2,5,7,2,2,1,0.32484
2,5,7,2,2,1,0.33761
2,5,7,2,2,1,0.33136
2,5,7,2,2,2,0.6659
2,5,7,2,2,2,0.85596
2,5,7,2,2,2,0.69225
2,5,7,3,1,1,1.3549
2,5,7,3,1,1,1.2548
2,5,7,3,1,1,1.3038
2,5,7,3,1,2,0.46289
2,5,7,3,1,2,0.48189
2,5,7,3,1,2,0.42648
2,5,7,3,2,1,0.26778
2,5,7,3,2,1,0.26855
2,5,7,3,2,1,0.27764
2,5,7,3,2,2,0.2671
2,5,7,3,2,2,0.26823
2,5,7,3,2,2,0.27747
2,7,1,1,1,1,1.9081
2,7,1,1,1,1,1.7038
2,7,1,1,1,1,1.7489
2,7,1,1,1,2,1.6769
2,7,1,1,1,2,1.3228
2,7,1,1,1,2,1.5649
2,7,1,1,2,1,1.2434
2,7,1,1,2,1,1.2847
2,7,1,1,2,1,1.4508
2,7,1,1,2,2,1.1913
2,7,1,1,2,2,1.2838
2,7,1,1,2,2,1.3953
2,7,1,2,1,1,1.4454
2,7,1,2,1,1,1.7001
2,7,1,2,1,1,1.8064
2,7,1,2,1,2,1.3978
2,7,1,2,1,2,1.5864
2,7,1,2,1,2,1.5955
2,7,1,2,2,1,0.77514
2,7,1,2,2,1,0.67973
2,7,1,2,2,1,0.80011
2,7,1,2,2,2,0.77484
2,7,1,2,2,2,0.68002
2,7,1,2,2,2,0.79984
2,7,1,3,1,1,1.4337
2,7,1,3,1,1,1.3143
2,7,1,3,1,1,1.5777
2,7,1,3,1,2,1.3121
2,7,1,3,1,2,1.2215
2,7,1,3,1,2,1.5004
2,7,1,3,2,1,0.38993
2,7,1,3,2,1,0.52042
2,7,1,3,2,1,0.48498
2,7,1,3,2,2,0.38884
2,7,1,3,2,2,0.52018
2,7,1,3,2,2,0.48493
2,7,4,1,1,1,1.3651
2,7,4,1,1,1,1.4057
2,7,4,1,1,1,1.4846
2,7,4,1,1,2,1.123
2,7,4,1,1,2,1.2233
2,7,4,1,1,2,1.2584
2,7,4,1,2,1,1.0403
2,7,4,1,2,1,1.0837
2,7,4,1,2,1,1.0732
2,7,4,1,2,2,1.0166
2,7,4,1,2,2,1.085
2,7,4,1,2,2,1.0485
2,7,4,2,1,1,1.185
2,7,4,2,1,1,1.4349
2,7,4,2,1,1,1.3004
2,7,4,2,1,2,1.023
2,7,4,2,1,2,1.0366
2,7,4,2,1,2,1.2517
2,7,4,2,2,1,0.58744
2,7,4,2,2,1,0.5356
2,7,4,2,2,1,0.45033
2,7,4,2,2,2,0.61374
2,7,4,2,2,2,0.5354
2,7,4,2,2,2,0.44993
2,7,4,3,1,1,1.7611
2,7,4,3,1,1,1.5184
2,7,4,3,1,1,1.8429
2,7,4,3,1,2,0.47402
2,7,4,3,1,2,0.45222
2,7,4,3,1,2,0.4648
2,7,4,3,2,1,0.32964
2,7,4,3,2,1,0.34902
2,7,4,3,2,1,0.35895
2,7,4,3,2,2,0.3292
2,7,4,3,2,2,0.34844
2,7,4,3,2,2,0.35807
2,7,7,1,1,1,1.3511
2,7,7,1,1,1,1.6053
2,7,7,1,1,1,1.2793
2,7,7,1,1,2,0.93973
2,7,7,1,1,2,1.0529
2,7,7,1,1,2,1.3792
2,7,7,1,2,1,0.56347
2,7,7,1,2,1,0.56382
2,7,7,1,2,1,0.60214
2,7,7,1,2,2,1.3304
2,7,7,1,2,2,1.3688
2,7,7,1,2,2,1.4595
2,7,7,2,1,1,1.7944
2,7,7,2,1,1,1.9949
2,7,7,2,1,1,1.922
2,7,7,2,1,2,0.75791
2,7,7,2,1,2,0.76538
2,7,7,2,1,2,0.71556
2,7,7,2,2,1,0.56003
2,7,7,2,2,1,0.52403
2,7,7,2,2,1,0.45662
2,7,7,2,2,2,1.1067
2,7,7,2,2,2,0.78902
2,7,7,2,2,2,0.74971
2,7,7,3,1,1,1.7087
2,7,7,3,1,1,1.6903
2,7,7,3,1,1,1.5543
2,7,7,3,1,2,0.48806
2,7,7,3,1,2,0.46465
2,7,7,3,1,2,0.46575
2,7,7,3,2,1,0.30433
2,7,7,3,2,1,0.24344
2,7,7,3,2,1,0.26009
2,7,7,3,2,2,0.30402
2,7,7,3,2,2,0.24318
2,7,7,3,2,2,0.25993
2,10,1,1,1,1,2.0177
2,10,1,1,1,1,2.1764
2,10,1,1,1,1,2.2906
2,10,1,1,1,2,1.7044
2,10,1,1,1,2,2.3331
2,10,1,1,1,2,2.2086
2,10,1,1,2,1,1.2945
2,10,1,1,2,1,1.4522
2,10,1,1,2,1,2.0482
2,10,1,1,2,2,1.1426
2,10,1,1,2,2,1.399
2,10,1,1,2,2,1.9011
2,10,1,2,1,1,1.3294
2,10,1,2,1,1,2.1002
2,10,1,2,1,1,2.264
2,10,1,2,1,2,1.2323
2,10,1,2,1,2,2.0915
2,10,1,2,1,2,1.7169
2,10,1,2,2,1,1.1357
2,10,1,2,2,1,1.334
2,10,1,2,2,1,1.3287
2,10,1,2,2,2,1.1276
2,10,1,2,2,2,1.3337
2,10,1,2,2,2,1.3286
2,10,1,3,1,1,1.491
2,10,1,3,1,1,1.8222
2,10,1,3,1,1,1.7244
2,10,1,3,1,2,1.288
2,10,1,3,1,2,1.8864
2,10,1,3,1,2,1.7906
2,10,1,3,2,1,0.87598
2,10,1,3,2,1,0.82237
2,10,1,3,2,1,0.74526
2,10,1,3,2,2,0.87544
2,10,1,3,2,2,0.82178
2,10,1,3,2,2,0.74505
2,10,4,1,1,1,1.2259
2,10,4,1,1,1,1.5968
2,10,4,1,1,1,1.5863
2,10,4,1,1,2,1.4519
2,10,4,1,1,2,1.9425
2,10,4,1,1,2,1.8556
2,10,4,1,2,1,1.4259
2,10,4,1,2,1,1.3639
2,10,4,1,2,1,1.237
2,10,4,1,2,2,1.1707
2,10,4,1,2,2,1.2063
2,10,4,1,2,2,1.2829
2,10,4,2,1,1,1.5896
2,10,4,2,1,1,1.56
2,10,4,2,1,1,1.5747
2,10,4,2,1,2,1.4319
2,10,4,2,1,2,1.5886
2,10,4,2,1,2,1.7222
2,10,4,2,2,1,0.913
2,10,4,2,2,1,1.0146
2,10,4,2,2,1,0.91093
2,10,4,2,2,2,0.91059
2,10,4,2,2,2,1.047
2,10,4,2,2,2,0.90952
2,10,4,3,1,1,1.6781
2,10,4,3,1,1,1.3777
2,10,4,3,1,1,1.4093
2,10,4,3,1,2,1.7377
2,10,4,3,1,2,1.4972
2,10,4,3,1,2,1.6364
2,10,4,3,2,1,0.72
2,10,4,3,2,1,0.67647
2,10,4,3,2,1,0.72184
2,10,4,3,2,2,0.71949
2,10,4,3,2,2,0.67591
2,10,4,3,2,2,0.69325
2,10,7,1,1,1,0.88564
2,10,7,1,1,1,0.95896
2,10,7,1,1,1,0.89087
2,10,7,1,1,2,0.95954
2,10,7,1,1,2,1.4316
2,10,7,1,1,2,1.22
2,10,7,1,2,1,1.0559
2,10,7,1,2,1,1.1746
2,10,7,1,2,1,1.0374
2,10,7,1,2,2,0.81637
2,10,7,1,2,2,0.85542
2,10,7,1,2,2,0.89002
2,10,7,2,1,1,0.96509
2,10,7,2,1,1,1.0243
2,10,7,2,1,1,1.1995
2,10,7,2,1,2,1.0201
2,10,7,2,1,2,1.0618
2,10,7,2,1,2,0.95404
2,10,7,2,2,1,0.87889
2,10,7,2,2,1,0.77117
2,10,7,2,2,1,0.83772
2,10,7,2,2,2,0.80606
2,10,7,2,2,2,0.76811
2,10,7,2,2,2,0.83407
2,10,7,3,1,1,1.1031
2,10,7,3,1,1,1.1853
2,10,7,3,1,1,1.151
2,10,7,3,1,2,0.98799
2,10,7,3,1,2,0.92036
2,10,7,3,1,2,0.95256
2,10,7,3,2,1,0.62549
2,10,7,3,2,1,0.56098
2,10,7,3,2,1,0.59815
2,10,7,3,2,2,0.62586
2,10,7,3,2,2,0.56107
2,10,7,3,2,2,0.59809
