group , participant , session , IDRight , IDLeft , hand , value
1,2,1,1,1,1,0.15247
1,2,1,1,1,1,0.15885
1,2,1,1,1,1,0.14482
1,2,1,1,1,2,0.19361
1,2,1,1,1,2,0.19972
1,2,1,1,1,2,0.15413
1,2,1,1,2,1,0.19004
1,2,1,1,2,1,0.21214
1,2,1,1,2,1,0.18826
1,2,1,1,2,2,0.14741
1,2,1,1,2,2,0.17007
1,2,1,1,2,2,0.18638
1,2,1,2,1,1,0.14128
1,2,1,2,1,1,0.17926
1,2,1,2,1,1,0.16596
1,2,1,2,1,2,0.19365
1,2,1,2,1,2,0.17472
1,2,1,2,1,2,0.19877
1,2,1,2,2,1,0.26336
1,2,1,2,2,1,0.22397
1,2,1,2,2,1,0.22803
1,2,1,2,2,2,0.22746
1,2,1,2,2,2,0.23512
1,2,1,2,2,2,0.23632
1,2,1,3,1,1,0.19387
1,2,1,3,1,1,0.15969
1,2,1,3,1,1,0.19924
1,2,1,3,1,2,0.20778
1,2,1,3,1,2,0.17295
1,2,1,3,1,2,0.20225
1,2,1,3,2,1,0.27808
1,2,1,3,2,1,0.27398
1,2,1,3,2,1,0.22618
1,2,1,3,2,2,0.2436
1,2,1,3,2,2,0.26611
1,2,1,3,2,2,0.23112
1,2,4,1,1,1,0.15534
1,2,4,1,1,1,0.19103
1,2,4,1,1,1,0.2209
1,2,4,1,1,2,0.14222
1,2,4,1,1,2,0.20599
1,2,4,1,1,2,0.21624
1,2,4,1,2,1,0.2878
1,2,4,1,2,1,0.30276
1,2,4,1,2,1,0.34433
1,2,4,1,2,2,0.21303
1,2,4,1,2,2,0.24869
1,2,4,1,2,2,0.30576
1,2,4,2,1,1,0.17087
1,2,4,2,1,1,0.21041
1,2,4,2,1,1,0.18761
1,2,4,2,1,2,0.17377
1,2,4,2,1,2,0.22042
1,2,4,2,1,2,0.18622
1,2,4,2,2,1,0.34398
1,2,4,2,2,1,0.39503
1,2,4,2,2,1,0.43432
1,2,4,2,2,2,0.32025
1,2,4,2,2,2,0.37285
1,2,4,2,2,2,0.37064
1,2,4,3,1,1,0.2292
1,2,4,3,1,1,0.28213
1,2,4,3,1,1,0.28498
1,2,4,3,1,2,0.20676
1,2,4,3,1,2,0.23595
1,2,4,3,1,2,0.24328
1,2,4,3,2,1,0.56338
1,2,4,3,2,1,0.65989
1,2,4,3,2,1,0.5415
1,2,4,3,2,2,0.54179
1,2,4,3,2,2,0.64917
1,2,4,3,2,2,0.47598
1,2,7,1,1,1,0.23146
1,2,7,1,1,1,0.1827
1,2,7,1,1,1,0.24093
1,2,7,1,1,2,0.22343
1,2,7,1,1,2,0.19149
1,2,7,1,1,2,0.22282
1,2,7,1,2,1,0.28812
1,2,7,1,2,1,0.24475
1,2,7,1,2,1,0.31196
1,2,7,1,2,2,0.27126
1,2,7,1,2,2,0.24444
1,2,7,1,2,2,0.27462
1,2,7,2,1,1,0.23883
1,2,7,2,1,1,0.23361
1,2,7,2,1,1,0.21427
1,2,7,2,1,2,0.24605
1,2,7,2,1,2,0.2278
1,2,7,2,1,2,0.19998
1,2,7,2,2,1,0.35005
1,2,7,2,2,1,0.33305
1,2,7,2,2,1,0.32048
1,2,7,2,2,2,0.26279
1,2,7,2,2,2,0.35726
1,2,7,2,2,2,0.31819
1,2,7,3,1,1,0.23147
1,2,7,3,1,1,0.22666
1,2,7,3,1,1,0.2467
1,2,7,3,1,2,0.21836
1,2,7,3,1,2,0.22169
1,2,7,3,1,2,0.237
1,2,7,3,2,1,0.6864
1,2,7,3,2,1,0.63511
1,2,7,3,2,1,0.74655
1,2,7,3,2,2,0.68579
1,2,7,3,2,2,0.5961
1,2,7,3,2,2,0.77017
1,3,1,1,1,1,0.12194
1,3,1,1,1,1,0.16122
1,3,1,1,1,1,0.16421
1,3,1,1,1,2,0.1163
1,3,1,1,1,2,0.14938
1,3,1,1,1,2,0.16168
1,3,1,1,2,1,0.16985
1,3,1,1,2,1,0.19939
1,3,1,1,2,1,0.21374
1,3,1,1,2,2,0.1373
1,3,1,1,2,2,0.16865
1,3,1,1,2,2,0.1565
1,3,1,2,1,1,0.11637
1,3,1,2,1,1,0.1608
1,3,1,2,1,1,0.16334
1,3,1,2,1,2,0.10163
1,3,1,2,1,2,0.17955
1,3,1,2,1,2,0.15994
1,3,1,2,2,1,0.23451
1,3,1,2,2,1,0.24402
1,3,1,2,2,1,0.24636
1,3,1,2,2,2,0.25031
1,3,1,2,2,2,0.27023
1,3,1,2,2,2,0.2541
1,3,1,3,1,1,0.1897
1,3,1,3,1,1,0.19958
1,3,1,3,1,1,0.16718
1,3,1,3,1,2,0.19923
1,3,1,3,1,2,0.21725
1,3,1,3,1,2,0.1629
1,3,1,3,2,1,0.28542
1,3,1,3,2,1,0.28509
1,3,1,3,2,1,0.28373
1,3,1,3,2,2,0.29029
1,3,1,3,2,2,0.27767
1,3,1,3,2,2,0.28794
1,3,4,1,1,1,0.10029
1,3,4,1,1,1,0.10472
1,3,4,1,1,1,0.12604
1,3,4,1,1,2,0.12157
1,3,4,1,1,2,0.11136
1,3,4,1,1,2,0.14512
1,3,4,1,2,1,0.22876
1,3,4,1,2,1,0.17199
1,3,4,1,2,1,0.15529
1,3,4,1,2,2,0.20344
1,3,4,1,2,2,0.14287
1,3,4,1,2,2,0.14985
1,3,4,2,1,1,0.14529
1,3,4,2,1,1,0.15725
1,3,4,2,1,1,0.12507
1,3,4,2,1,2,0.13102
1,3,4,2,1,2,0.15497
1,3,4,2,1,2,0.12364
1,3,4,2,2,1,0.25833
1,3,4,2,2,1,0.23621
1,3,4,2,2,1,0.23326
1,3,4,2,2,2,0.27922
1,3,4,2,2,2,0.25308
1,3,4,2,2,2,0.25228
1,3,4,3,1,1,0.16253
1,3,4,3,1,1,0.15933
1,3,4,3,1,1,0.16544
1,3,4,3,1,2,0.17915
1,3,4,3,1,2,0.14386
1,3,4,3,1,2,0.15388
1,3,4,3,2,1,0.33906
1,3,4,3,2,1,0.33221
1,3,4,3,2,1,0.33164
1,3,4,3,2,2,0.36572
1,3,4,3,2,2,0.34346
1,3,4,3,2,2,0.34072
1,3,7,1,1,1,0.10821
1,3,7,1,1,1,0.12865
1,3,7,1,1,1,0.12981
1,3,7,1,1,2,0.1447
1,3,7,1,1,2,0.12544
1,3,7,1,1,2,0.15124
1,3,7,1,2,1,0.23817
1,3,7,1,2,1,0.19526
1,3,7,1,2,1,0.22926
1,3,7,1,2,2,0.18871
1,3,7,1,2,2,0.17386
1,3,7,1,2,2,0.18981
1,3,7,2,1,1,0.16744
1,3,7,2,1,1,0.16413
1,3,7,2,1,1,0.19552
1,3,7,2,1,2,0.18512
1,3,7,2,1,2,0.16214
1,3,7,2,1,2,0.19188
1,3,7,2,2,1,0.28164
1,3,7,2,2,1,0.31355
1,3,7,2,2,1,0.28258
1,3,7,2,2,2,0.2979
1,3,7,2,2,2,0.32536
1,3,7,2,2,2,0.31176
1,3,7,3,1,1,0.18464
1,3,7,3,1,1,0.16569
1,3,7,3,1,1,0.16596
1,3,7,3,1,2,0.24247
1,3,7,3,1,2,0.25952
1,3,7,3,1,2,0.20723
1,3,7,3,2,1,0.41795
1,3,7,3,2,1,0.42082
1,3,7,3,2,1,0.40563
1,3,7,3,2,2,0.42269
1,3,7,3,2,2,0.40755
1,3,7,3,2,2,0.41581
1,6,1,1,1,1,0.070942
1,6,1,1,1,1,0.073123
1,6,1,1,1,1,0.10032
1,6,1,1,1,2,0.051153
1,6,1,1,1,2,0.05696
1,6,1,1,1,2,0.088057
1,6,1,1,2,1,0.15621
1,6,1,1,2,1,0.15865
1,6,1,1,2,1,0.17292
1,6,1,1,2,2,0.14051
1,6,1,1,2,2,0.1345
1,6,1,1,2,2,0.14308
1,6,1,2,1,1,0.10118
1,6,1,2,1,1,0.091399
1,6,1,2,1,1,0.1119
1,6,1,2,1,2,0.10112
1,6,1,2,1,2,0.083948
1,6,1,2,1,2,0.10206
1,6,1,2,2,1,0.1891
1,6,1,2,2,1,0.16922
1,6,1,2,2,1,0.18504
1,6,1,2,2,2,0.17078
1,6,1,2,2,2,0.15927
1,6,1,2,2,2,0.17068
1,6,1,3,1,1,0.13853
1,6,1,3,1,1,0.14179
1,6,1,3,1,1,0.12657
1,6,1,3,1,2,0.11005
1,6,1,3,1,2,0.12631
1,6,1,3,1,2,0.105
1,6,1,3,2,1,0.17354
1,6,1,3,2,1,0.18958
1,6,1,3,2,1,0.19883
1,6,1,3,2,2,0.15379
1,6,1,3,2,2,0.17347
1,6,1,3,2,2,0.18369
1,6,4,1,1,1,0.11689
1,6,4,1,1,1,0.11067
1,6,4,1,1,1,0.13281
1,6,4,1,1,2,0.09158
1,6,4,1,1,2,0.12652
1,6,4,1,1,2,0.13022
1,6,4,1,2,1,0.14859
1,6,4,1,2,1,0.17159
1,6,4,1,2,1,0.17146
1,6,4,1,2,2,0.13588
1,6,4,1,2,2,0.13815
1,6,4,1,2,2,0.16371
1,6,4,2,1,1,0.13194
1,6,4,2,1,1,0.15387
1,6,4,2,1,1,0.1357
1,6,4,2,1,2,0.11941
1,6,4,2,1,2,0.14857
1,6,4,2,1,2,0.1323
1,6,4,2,2,1,0.20387
1,6,4,2,2,1,0.21812
1,6,4,2,2,1,0.21043
1,6,4,2,2,2,0.19876
1,6,4,2,2,2,0.21048
1,6,4,2,2,2,0.18536
1,6,4,3,1,1,0.14317
1,6,4,3,1,1,0.16946
1,6,4,3,1,1,0.16655
1,6,4,3,1,2,0.1538
1,6,4,3,1,2,0.15817
1,6,4,3,1,2,0.15533
1,6,4,3,2,1,0.25015
1,6,4,3,2,1,0.26308
1,6,4,3,2,1,0.22937
1,6,4,3,2,2,0.24315
1,6,4,3,2,2,0.25488
1,6,4,3,2,2,0.2056
1,6,7,1,1,1,0.10999
1,6,7,1,1,1,0.13415
1,6,7,1,1,1,0.13193
1,6,7,1,1,2,0.099255
1,6,7,1,1,2,0.13361
1,6,7,1,1,2,0.11287
1,6,7,1,2,1,0.19043
1,6,7,1,2,1,0.17134
1,6,7,1,2,1,0.17596
1,6,7,1,2,2,0.18037
1,6,7,1,2,2,0.18237
1,6,7,1,2,2,0.19176
1,6,7,2,1,1,0.16162
1,6,7,2,1,1,0.15458
1,6,7,2,1,1,0.17264
1,6,7,2,1,2,0.174
1,6,7,2,1,2,0.16221
1,6,7,2,1,2,0.16856
1,6,7,2,2,1,0.21708
1,6,7,2,2,1,0.20928
1,6,7,2,2,1,0.23688
1,6,7,2,2,2,0.21716
1,6,7,2,2,2,0.2047
1,6,7,2,2,2,0.22136
1,6,7,3,1,1,0.19506
1,6,7,3,1,1,0.17778
1,6,7,3,1,1,0.18934
1,6,7,3,1,2,0.17567
1,6,7,3,1,2,0.159
1,6,7,3,1,2,0.1608
1,6,7,3,2,1,0.25217
1,6,7,3,2,1,0.2471
1,6,7,3,2,1,0.26674
1,6,7,3,2,2,0.24771
1,6,7,3,2,2,0.23632
1,6,7,3,2,2,0.24676
1,8,1,1,1,1,0.15391
1,8,1,1,1,1,0.14546
1,8,1,1,1,1,0.1465
1,8,1,1,1,2,0.13805
1,8,1,1,1,2,0.1454
1,8,1,1,1,2,0.12623
1,8,1,1,2,1,0.25376
1,8,1,1,2,1,0.1658
1,8,1,1,2,1,0.191
1,8,1,1,2,2,0.20983
1,8,1,1,2,2,0.15952
1,8,1,1,2,2,0.22315
1,8,1,2,1,1,0.21221
1,8,1,2,1,1,0.16096
1,8,1,2,1,1,0.18667
1,8,1,2,1,2,0.21581
1,8,1,2,1,2,0.15437
1,8,1,2,1,2,0.17542
1,8,1,2,2,1,0.31695
1,8,1,2,2,1,0.21214
1,8,1,2,2,1,0.20528
1,8,1,2,2,2,0.31806
1,8,1,2,2,2,0.21848
1,8,1,2,2,2,0.22472
1,8,1,3,1,1,0.20721
1,8,1,3,1,1,0.20972
1,8,1,3,1,1,0.19499
1,8,1,3,1,2,0.21745
1,8,1,3,1,2,0.17706
1,8,1,3,1,2,0.1782
1,8,1,3,2,1,0.47272
1,8,1,3,2,1,0.53201
1,8,1,3,2,1,0.4697
1,8,1,3,2,2,0.43793
1,8,1,3,2,2,0.49476
1,8,1,3,2,2,0.48742
1,8,4,1,1,1,0.16838
1,8,4,1,1,1,0.13278
1,8,4,1,1,1,0.15632
1,8,4,1,1,2,0.13506
1,8,4,1,1,2,0.14415
1,8,4,1,1,2,0.17154
1,8,4,1,2,1,0.21546
1,8,4,1,2,1,0.18604
1,8,4,1,2,1,0.18587
1,8,4,1,2,2,0.20958
1,8,4,1,2,2,0.17239
1,8,4,1,2,2,0.18514
1,8,4,2,1,1,0.18661
1,8,4,2,1,1,0.16681
1,8,4,2,1,1,0.16305
1,8,4,2,1,2,0.18004
1,8,4,2,1,2,0.1607
1,8,4,2,1,2,0.16465
1,8,4,2,2,1,0.26786
1,8,4,2,2,1,0.27456
1,8,4,2,2,1,0.30667
1,8,4,2,2,2,0.27339
1,8,4,2,2,2,0.28158
1,8,4,2,2,2,0.31658
1,8,4,3,1,1,0.20943
1,8,4,3,1,1,0.20326
1,8,4,3,1,1,0.1798
1,8,4,3,1,2,0.18825
1,8,4,3,1,2,0.1811
1,8,4,3,1,2,0.15302
1,8,4,3,2,1,0.53706
1,8,4,3,2,1,0.54357
1,8,4,3,2,1,0.59803
1,8,4,3,2,2,0.51105
1,8,4,3,2,2,0.51905
1,8,4,3,2,2,0.64452
1,8,7,1,1,1,0.18794
1,8,7,1,1,1,0.17847
1,8,7,1,1,1,0.16004
1,8,7,1,1,2,0.16446
1,8,7,1,1,2,0.18378
1,8,7,1,1,2,0.18807
1,8,7,1,2,1,0.22804
1,8,7,1,2,1,0.15396
1,8,7,1,2,1,0.18099
1,8,7,1,2,2,0.22361
1,8,7,1,2,2,0.17139
1,8,7,1,2,2,0.19214
1,8,7,2,1,1,0.17614
1,8,7,2,1,1,0.15277
1,8,7,2,1,1,0.18952
1,8,7,2,1,2,0.16895
1,8,7,2,1,2,0.17142
1,8,7,2,1,2,0.17936
1,8,7,2,2,1,0.2569
1,8,7,2,2,1,0.26162
1,8,7,2,2,1,0.27838
1,8,7,2,2,2,0.30106
1,8,7,2,2,2,0.31348
1,8,7,2,2,2,0.33296
1,8,7,3,1,1,0.20035
1,8,7,3,1,1,0.18429
1,8,7,3,1,1,0.21094
1,8,7,3,1,2,0.19712
1,8,7,3,1,2,0.18645
1,8,7,3,1,2,0.21188
1,8,7,3,2,1,0.5822
1,8,7,3,2,1,0.61489
1,8,7,3,2,1,0.59353
1,8,7,3,2,2,0.56837
1,8,7,3,2,2,0.59739
1,8,7,3,2,2,0.6006
1,9,1,1,1,1,0.12239
1,9,1,1,1,1,0.11618
1,9,1,1,1,1,0.13499
1,9,1,1,1,2,0.13326
1,9,1,1,1,2,0.11231
1,9,1,1,1,2,0.14593
1,9,1,1,2,1,0.11747
1,9,1,1,2,1,0.12644
1,9,1,1,2,1,0.14454
1,9,1,1,2,2,0.14252
1,9,1,1,2,2,0.16013
1,9,1,1,2,2,0.16721
1,9,1,2,1,1,0.13139
1,9,1,2,1,1,0.13754
1,9,1,2,1,1,0.14348
1,9,1,2,1,2,0.14149
1,9,1,2,1,2,0.16473
1,9,1,2,1,2,0.15527
1,9,1,2,2,1,0.15965
1,9,1,2,2,1,0.19242
1,9,1,2,2,1,0.22246
1,9,1,2,2,2,0.19213
1,9,1,2,2,2,0.22428
1,9,1,2,2,2,0.23671
1,9,1,3,1,1,0.13464
1,9,1,3,1,1,0.12841
1,9,1,3,1,1,0.14301
1,9,1,3,1,2,0.14669
1,9,1,3,1,2,0.13568
1,9,1,3,1,2,0.1544
1,9,1,3,2,1,0.17919
1,9,1,3,2,1,0.23804
1,9,1,3,2,1,0.31583
1,9,1,3,2,2,0.19962
1,9,1,3,2,2,0.25272
1,9,1,3,2,2,0.32406
1,9,4,1,1,1,0.1746
1,9,4,1,1,1,0.17145
1,9,4,1,1,1,0.15987
1,9,4,1,1,2,0.17862
1,9,4,1,1,2,0.17309
1,9,4,1,1,2,0.18878
1,9,4,1,2,1,0.16535
1,9,4,1,2,1,0.16167
1,9,4,1,2,1,0.19037
1,9,4,1,2,2,0.18553
1,9,4,1,2,2,0.17371
1,9,4,1,2,2,0.20194
1,9,4,2,1,1,0.18636
1,9,4,2,1,1,0.18062
1,9,4,2,1,1,0.17083
1,9,4,2,1,2,0.19314
1,9,4,2,1,2,0.18083
1,9,4,2,1,2,0.17713
1,9,4,2,2,1,0.32066
1,9,4,2,2,1,0.28733
1,9,4,2,2,1,0.31764
1,9,4,2,2,2,0.33511
1,9,4,2,2,2,0.31439
1,9,4,2,2,2,0.32574
1,9,4,3,1,1,0.1675
1,9,4,3,1,1,0.18013
1,9,4,3,1,1,0.18759
1,9,4,3,1,2,0.16855
1,9,4,3,1,2,0.17739
1,9,4,3,1,2,0.17848
1,9,4,3,2,1,0.46017
1,9,4,3,2,1,0.44807
1,9,4,3,2,1,0.40758
1,9,4,3,2,2,0.51916
1,9,4,3,2,2,0.46743
1,9,4,3,2,2,0.4296
1,9,7,1,1,1,0.17004
1,9,7,1,1,1,0.1702
1,9,7,1,1,1,0.17519
1,9,7,1,1,2,0.16784
1,9,7,1,1,2,0.17128
1,9,7,1,1,2,0.1834
1,9,7,1,2,1,0.17803
1,9,7,1,2,1,0.15997
1,9,7,1,2,1,0.18703
1,9,7,1,2,2,0.1943
1,9,7,1,2,2,0.19942
1,9,7,1,2,2,0.21733
1,9,7,2,1,1,0.17834
1,9,7,2,1,1,0.18051
1,9,7,2,1,1,0.18353
1,9,7,2,1,2,0.17412
1,9,7,2,1,2,0.18209
1,9,7,2,1,2,0.18303
1,9,7,2,2,1,0.28682
1,9,7,2,2,1,0.28865
1,9,7,2,2,1,0.31097
1,9,7,2,2,2,0.31895
1,9,7,2,2,2,0.31187
1,9,7,2,2,2,0.33888
1,9,7,3,1,1,0.19446
1,9,7,3,1,1,0.20233
1,9,7,3,1,1,0.19952
1,9,7,3,1,2,0.18317
1,9,7,3,1,2,0.19305
1,9,7,3,1,2,0.19277
1,9,7,3,2,1,0.43192
1,9,7,3,2,1,0.44592
1,9,7,3,2,1,0.51834
1,9,7,3,2,2,0.48339
1,9,7,3,2,2,0.47521
1,9,7,3,2,2,0.53401
2,1,1,1,1,1,0.1555
2,1,1,1,1,1,0.13502
2,1,1,1,1,1,0.13182
2,1,1,1,1,2,0.14728
2,1,1,1,1,2,0.12774
2,1,1,1,1,2,0.13551
2,1,1,1,2,1,0.19851
2,1,1,1,2,1,0.16173
2,1,1,1,2,1,0.17225
2,1,1,1,2,2,0.22094
2,1,1,1,2,2,0.19533
2,1,1,1,2,2,0.18025
2,1,1,2,1,1,0.15709
2,1,1,2,1,1,0.1591
2,1,1,2,1,1,0.16367
2,1,1,2,1,2,0.15332
2,1,1,2,1,2,0.14903
2,1,1,2,1,2,0.1691
2,1,1,2,2,1,0.16549
2,1,1,2,2,1,0.20765
2,1,1,2,2,1,0.1855
2,1,1,2,2,2,0.19129
2,1,1,2,2,2,0.2383
2,1,1,2,2,2,0.20728
2,1,1,3,1,1,0.18655
2,1,1,3,1,1,0.15099
2,1,1,3,1,1,0.17185
2,1,1,3,1,2,0.14979
2,1,1,3,1,2,0.15117
2,1,1,3,1,2,0.15668
2,1,1,3,2,1,0.32869
2,1,1,3,2,1,0.28148
2,1,1,3,2,1,0.34266
2,1,1,3,2,2,0.32944
2,1,1,3,2,2,0.28743
2,1,1,3,2,2,0.36002
2,1,4,1,1,1,0.15029
2,1,4,1,1,1,0.20384
2,1,4,1,1,1,0.18552
2,1,4,1,1,2,0.14705
2,1,4,1,1,2,0.15764
2,1,4,1,1,2,0.1675
2,1,4,1,2,1,0.21844
2,1,4,1,2,1,0.20648
2,1,4,1,2,1,0.21231
2,1,4,1,2,2,0.22639
2,1,4,1,2,2,0.21908
2,1,4,1,2,2,0.21489
2,1,4,2,1,1,0.19126
2,1,4,2,1,1,0.18551
2,1,4,2,1,1,0.21046
2,1,4,2,1,2,0.18331
2,1,4,2,1,2,0.19787
2,1,4,2,1,2,0.20969
2,1,4,2,2,1,0.2268
2,1,4,2,2,1,0.20828
2,1,4,2,2,1,0.24397
2,1,4,2,2,2,0.24218
2,1,4,2,2,2,0.22192
2,1,4,2,2,2,0.25051
2,1,4,3,1,1,0.18851
2,1,4,3,1,1,0.20493
2,1,4,3,1,1,0.21409
2,1,4,3,1,2,0.19649
2,1,4,3,1,2,0.1928
2,1,4,3,1,2,0.21766
2,1,4,3,2,1,0.29633
2,1,4,3,2,1,0.37698
2,1,4,3,2,1,0.44378
2,1,4,3,2,2,0.31464
2,1,4,3,2,2,0.39842
2,1,4,3,2,2,0.47542
2,1,7,1,1,1,0.1779
2,1,7,1,1,1,0.18269
2,1,7,1,1,1,0.19019
2,1,7,1,1,2,0.16524
2,1,7,1,1,2,0.16599
2,1,7,1,1,2,0.16805
2,1,7,1,2,1,0.27111
2,1,7,1,2,1,0.26879
2,1,7,1,2,1,0.28444
2,1,7,1,2,2,0.10393
2,1,7,1,2,2,0.10419
2,1,7,1,2,2,0.095817
2,1,7,2,1,1,0.19244
2,1,7,2,1,1,0.17168
2,1,7,2,1,1,0.17646
2,1,7,2,1,2,0.19662
2,1,7,2,1,2,0.18507
2,1,7,2,1,2,0.17885
2,1,7,2,2,1,0.32032
2,1,7,2,2,1,0.32351
2,1,7,2,2,1,0.30824
2,1,7,2,2,2,0.14309
2,1,7,2,2,2,0.16955
2,1,7,2,2,2,0.15828
2,1,7,3,1,1,0.097666
2,1,7,3,1,1,0.085913
2,1,7,3,1,1,0.096013
2,1,7,3,1,2,0.31135
2,1,7,3,1,2,0.31688
2,1,7,3,1,2,0.33471
2,1,7,3,2,1,0.4926
2,1,7,3,2,1,0.53783
2,1,7,3,2,1,0.48468
2,1,7,3,2,2,0.5444
2,1,7,3,2,2,0.58885
2,1,7,3,2,2,0.53984
2,4,1,1,1,1,0.08415
2,4,1,1,1,1,0.09371
2,4,1,1,1,1,0.082345
2,4,1,1,1,2,0.085526
2,4,1,1,1,2,0.084978
2,4,1,1,1,2,0.081388
2,4,1,1,2,1,0.12218
2,4,1,1,2,1,0.14566
2,4,1,1,2,1,0.15273
2,4,1,1,2,2,0.1312
2,4,1,1,2,2,0.16035
2,4,1,1,2,2,0.16209
2,4,1,2,1,1,0.12144
2,4,1,2,1,1,0.11981
2,4,1,2,1,1,0.12863
2,4,1,2,1,2,0.11735
2,4,1,2,1,2,0.12095
2,4,1,2,1,2,0.12228
2,4,1,2,2,1,0.20135
2,4,1,2,2,1,0.21836
2,4,1,2,2,1,0.22476
2,4,1,2,2,2,0.20812
2,4,1,2,2,2,0.22413
2,4,1,2,2,2,0.21916
2,4,1,3,1,1,0.12287
2,4,1,3,1,1,0.12799
2,4,1,3,1,1,0.13208
2,4,1,3,1,2,0.10929
2,4,1,3,1,2,0.12814
2,4,1,3,1,2,0.12572
2,4,1,3,2,1,0.28511
2,4,1,3,2,1,0.31592
2,4,1,3,2,1,0.40631
2,4,1,3,2,2,0.28822
2,4,1,3,2,2,0.29253
2,4,1,3,2,2,0.41153
2,4,4,1,1,1,0.1186
2,4,4,1,1,1,0.11701
2,4,4,1,1,1,0.11276
2,4,4,1,1,2,0.12231
2,4,4,1,1,2,0.10322
2,4,4,1,1,2,0.1245
2,4,4,1,2,1,0.23487
2,4,4,1,2,1,0.23211
2,4,4,1,2,1,0.21306
2,4,4,1,2,2,0.11587
2,4,4,1,2,2,0.10888
2,4,4,1,2,2,0.1014
2,4,4,2,1,1,0.13322
2,4,4,2,1,1,0.1346
2,4,4,2,1,1,0.1363
2,4,4,2,1,2,0.16407
2,4,4,2,1,2,0.13901
2,4,4,2,1,2,0.13415
2,4,4,2,2,1,0.29617
2,4,4,2,2,1,0.24393
2,4,4,2,2,1,0.25433
2,4,4,2,2,2,0.13166
2,4,4,2,2,2,0.12128
2,4,4,2,2,2,0.122
2,4,4,3,1,1,0.1338
2,4,4,3,1,1,0.13419
2,4,4,3,1,1,0.1284
2,4,4,3,1,2,0.24496
2,4,4,3,1,2,0.271
2,4,4,3,1,2,0.26464
2,4,4,3,2,1,0.44226
2,4,4,3,2,1,0.42715
2,4,4,3,2,1,0.57342
2,4,4,3,2,2,0.44853
2,4,4,3,2,2,0.45323
2,4,4,3,2,2,0.63613
2,4,7,1,1,1,0.096113
2,4,7,1,1,1,0.096305
2,4,7,1,1,1,0.10108
2,4,7,1,1,2,0.093664
2,4,7,1,1,2,0.09831
2,4,7,1,1,2,0.10287
2,4,7,1,2,1,0.21433
2,4,7,1,2,1,0.2088
2,4,7,1,2,1,0.22803
2,4,7,1,2,2,0.099897
2,4,7,1,2,2,0.098113
2,4,7,1,2,2,0.09987
2,4,7,2,1,1,0.073996
2,4,7,2,1,1,0.090812
2,4,7,2,1,1,0.095857
2,4,7,2,1,2,0.16622
2,4,7,2,1,2,0.19601
2,4,7,2,1,2,0.19608
2,4,7,2,2,1,0.30402
2,4,7,2,2,1,0.24786
2,4,7,2,2,1,0.27391
2,4,7,2,2,2,0.12822
2,4,7,2,2,2,0.11921
2,4,7,2,2,2,0.12186
2,4,7,3,1,1,0.12599
2,4,7,3,1,1,0.12124
2,4,7,3,1,1,0.11034
2,4,7,3,1,2,0.26135
2,4,7,3,1,2,0.25431
2,4,7,3,1,2,0.26566
2,4,7,3,2,1,0.43499
2,4,7,3,2,1,0.47425
2,4,7,3,2,1,0.51343
2,4,7,3,2,2,0.46085
2,4,7,3,2,2,0.52797
2,4,7,3,2,2,0.5559
2,5,1,1,1,1,0.11844
2,5,1,1,1,1,0.11552
2,5,1,1,1,1,0.10459
2,5,1,1,1,2,0.14107
2,5,1,1,1,2,0.10847
2,5,1,1,1,2,0.11941
2,5,1,1,2,1,0.206
2,5,1,1,2,1,0.28266
2,5,1,1,2,1,0.2483
2,5,1,1,2,2,0.094124
2,5,1,1,2,2,0.14129
2,5,1,1,2,2,0.11789
2,5,1,2,1,1,0.076789
2,5,1,2,1,1,0.067007
2,5,1,2,1,1,0.10112
2,5,1,2,1,2,0.23119
2,5,1,2,1,2,0.18221
2,5,1,2,1,2,0.16796
2,5,1,2,2,1,0.23918
2,5,1,2,2,1,0.21773
2,5,1,2,2,1,0.27859
2,5,1,2,2,2,0.081313
2,5,1,2,2,2,0.13709
2,5,1,2,2,2,0.1763
2,5,1,3,1,1,0.13571
2,5,1,3,1,1,0.11434
2,5,1,3,1,1,0.1004
2,5,1,3,1,2,0.3447
2,5,1,3,1,2,0.36184
2,5,1,3,1,2,0.36724
2,5,1,3,2,1,0.27672
2,5,1,3,2,1,0.30715
2,5,1,3,2,1,0.32984
2,5,1,3,2,2,0.28901
2,5,1,3,2,2,0.30755
2,5,1,3,2,2,0.35458
2,5,4,1,1,1,0.12043
2,5,4,1,1,1,0.12187
2,5,4,1,1,1,0.16378
2,5,4,1,1,2,0.11726
2,5,4,1,1,2,0.13099
2,5,4,1,1,2,0.1673
2,5,4,1,2,1,0.29801
2,5,4,1,2,1,0.34344
2,5,4,1,2,1,0.38095
2,5,4,1,2,2,0.14783
2,5,4,1,2,2,0.15325
2,5,4,1,2,2,0.15208
2,5,4,2,1,1,0.1096
2,5,4,2,1,1,0.10668
2,5,4,2,1,1,0.11693
2,5,4,2,1,2,0.24235
2,5,4,2,1,2,0.25014
2,5,4,2,1,2,0.26767
2,5,4,2,2,1,0.36716
2,5,4,2,2,1,0.35663
2,5,4,2,2,1,0.39482
2,5,4,2,2,2,0.23259
2,5,4,2,2,2,0.22732
2,5,4,2,2,2,0.21227
2,5,4,3,1,1,0.095727
2,5,4,3,1,1,0.13187
2,5,4,3,1,1,0.12987
2,5,4,3,1,2,0.34967
2,5,4,3,1,2,0.37106
2,5,4,3,1,2,0.36534
2,5,4,3,2,1,0.36515
2,5,4,3,2,1,0.40191
2,5,4,3,2,1,0.42334
2,5,4,3,2,2,0.38061
2,5,4,3,2,2,0.41331
2,5,4,3,2,2,0.42198
2,5,7,1,1,1,0.13964
2,5,7,1,1,1,0.13922
2,5,7,1,1,1,0.16613
2,5,7,1,1,2,0.15929
2,5,7,1,1,2,0.14074
2,5,7,1,1,2,0.17039
2,5,7,1,2,1,0.37462
2,5,7,1,2,1,0.37941
2,5,7,1,2,1,0.40847
2,5,7,1,2,2,0.17541
2,5,7,1,2,2,0.1542
2,5,7,1,2,2,0.1971
2,5,7,2,1,1,0.10832
2,5,7,2,1,1,0.13441
2,5,7,2,1,1,0.12776
2,5,7,2,1,2,0.21
2,5,7,2,1,2,0.26923
2,5,7,2,1,2,0.27207
2,5,7,2,2,1,0.41011
2,5,7,2,2,1,0.4219
2,5,7,2,2,1,0.43671
2,5,7,2,2,2,0.25893
2,5,7,2,2,2,0.21113
2,5,7,2,2,2,0.24466
2,5,7,3,1,1,0.12973
2,5,7,3,1,1,0.13035
2,5,7,3,1,1,0.1584
2,5,7,3,1,2,0.34104
2,5,7,3,1,2,0.31794
2,5,7,3,1,2,0.3538
2,5,7,3,2,1,0.52762
2,5,7,3,2,1,0.52105
2,5,7,3,2,1,0.52955
2,5,7,3,2,2,0.53605
2,5,7,3,2,2,0.53245
2,5,7,3,2,2,0.54585
2,7,1,1,1,1,0.11195
2,7,1,1,1,1,0.1013
2,7,1,1,1,1,0.13467
2,7,1,1,1,2,0.085773
2,7,1,1,1,2,0.075364
2,7,1,1,1,2,0.11206
2,7,1,1,2,1,0.16467
2,7,1,1,2,1,0.15088
2,7,1,1,2,1,0.14488
2,7,1,1,2,2,0.15522
2,7,1,1,2,2,0.15472
2,7,1,1,2,2,0.13966
2,7,1,2,1,1,0.12192
2,7,1,2,1,1,0.1259
2,7,1,2,1,1,0.11468
2,7,1,2,1,2,0.10882
2,7,1,2,1,2,0.10018
2,7,1,2,1,2,0.091921
2,7,1,2,2,1,0.20058
2,7,1,2,2,1,0.21283
2,7,1,2,2,1,0.21033
2,7,1,2,2,2,0.21302
2,7,1,2,2,2,0.22718
2,7,1,2,2,2,0.20575
2,7,1,3,1,1,0.16056
2,7,1,3,1,1,0.15628
2,7,1,3,1,1,0.14058
2,7,1,3,1,2,0.1146
2,7,1,3,1,2,0.11236
2,7,1,3,1,2,0.1015
2,7,1,3,2,1,0.41397
2,7,1,3,2,1,0.29433
2,7,1,3,2,1,0.32728
2,7,1,3,2,2,0.37934
2,7,1,3,2,2,0.28765
2,7,1,3,2,2,0.31738
2,7,4,1,1,1,0.15701
2,7,4,1,1,1,0.15135
2,7,4,1,1,1,0.14569
2,7,4,1,1,2,0.12305
2,7,4,1,1,2,0.12973
2,7,4,1,1,2,0.13099
2,7,4,1,2,1,0.18412
2,7,4,1,2,1,0.12993
2,7,4,1,2,1,0.12573
2,7,4,1,2,2,0.16352
2,7,4,1,2,2,0.16681
2,7,4,1,2,2,0.14387
2,7,4,2,1,1,0.15432
2,7,4,2,1,1,0.15519
2,7,4,2,1,1,0.14362
2,7,4,2,1,2,0.13534
2,7,4,2,1,2,0.11457
2,7,4,2,1,2,0.14062
2,7,4,2,2,1,0.26751
2,7,4,2,2,1,0.27793
2,7,4,2,2,1,0.32174
2,7,4,2,2,2,0.25791
2,7,4,2,2,2,0.30313
2,7,4,2,2,2,0.35255
2,7,4,3,1,1,0.10693
2,7,4,3,1,1,0.096295
2,7,4,3,1,1,0.11311
2,7,4,3,1,2,0.33725
2,7,4,3,1,2,0.34414
2,7,4,3,1,2,0.32483
2,7,4,3,2,1,0.44164
2,7,4,3,2,1,0.40366
2,7,4,3,2,1,0.40328
2,7,4,3,2,2,0.44804
2,7,4,3,2,2,0.44161
2,7,4,3,2,2,0.42042
2,7,7,1,1,1,0.14934
2,7,7,1,1,1,0.17198
2,7,7,1,1,1,0.17444
2,7,7,1,1,2,0.099056
2,7,7,1,1,2,0.11108
2,7,7,1,1,2,0.17972
2,7,7,1,2,1,0.27216
2,7,7,1,2,1,0.2713
2,7,7,1,2,1,0.26371
2,7,7,1,2,2,0.11103
2,7,7,1,2,2,0.10974
2,7,7,1,2,2,0.10044
2,7,7,2,1,1,0.13618
2,7,7,2,1,1,0.13345
2,7,7,2,1,1,0.11149
2,7,7,2,1,2,0.21751
2,7,7,2,1,2,0.21678
2,7,7,2,1,2,0.22683
2,7,7,2,2,1,0.29034
2,7,7,2,2,1,0.28429
2,7,7,2,2,1,0.32495
2,7,7,2,2,2,0.14201
2,7,7,2,2,2,0.18804
2,7,7,2,2,2,0.20212
2,7,7,3,1,1,0.11791
2,7,7,3,1,1,0.12275
2,7,7,3,1,1,0.12493
2,7,7,3,1,2,0.33245
2,7,7,3,1,2,0.33469
2,7,7,3,1,2,0.32711
2,7,7,3,2,1,0.46276
2,7,7,3,2,1,0.5381
2,7,7,3,2,1,0.51397
2,7,7,3,2,2,0.52208
2,7,7,3,2,2,0.62576
2,7,7,3,2,2,0.59156
2,10,1,1,1,1,0.095152
2,10,1,1,1,1,0.082673
2,10,1,1,1,1,0.09319
2,10,1,1,1,2,0.077065
2,10,1,1,1,2,0.091302
2,10,1,1,1,2,0.085855
2,10,1,1,2,1,0.15277
2,10,1,1,2,1,0.14252
2,10,1,1,2,1,0.10125
2,10,1,1,2,2,0.11867
2,10,1,1,2,2,0.12676
2,10,1,1,2,2,0.094776
2,10,1,2,1,1,0.13056
2,10,1,2,1,1,0.10586
2,10,1,2,1,1,0.10886
2,10,1,2,1,2,0.11542
2,10,1,2,1,2,0.10594
2,10,1,2,1,2,0.07779
2,10,1,2,2,1,0.19712
2,10,1,2,2,1,0.142
2,10,1,2,2,1,0.13977
2,10,1,2,2,2,0.16777
2,10,1,2,2,2,0.13524
2,10,1,2,2,2,0.13581
2,10,1,3,1,1,0.1231
2,10,1,3,1,1,0.09548
2,10,1,3,1,1,0.096994
2,10,1,3,1,2,0.096297
2,10,1,3,1,2,0.095004
2,10,1,3,1,2,0.091008
2,10,1,3,2,1,0.19421
2,10,1,3,2,1,0.21034
2,10,1,3,2,1,0.22646
2,10,1,3,2,2,0.18355
2,10,1,3,2,2,0.20204
2,10,1,3,2,2,0.22364
2,10,4,1,1,1,0.14445
2,10,4,1,1,1,0.12992
2,10,4,1,1,1,0.13299
2,10,4,1,1,2,0.17004
2,10,4,1,1,2,0.15919
2,10,4,1,1,2,0.14704
2,10,4,1,2,1,0.20043
2,10,4,1,2,1,0.15511
2,10,4,1,2,1,0.17713
2,10,4,1,2,2,0.16114
2,10,4,1,2,2,0.14946
2,10,4,1,2,2,0.17314
2,10,4,2,1,1,0.15228
2,10,4,2,1,1,0.1479
2,10,4,2,1,1,0.15006
2,10,4,2,1,2,0.15094
2,10,4,2,1,2,0.15113
2,10,4,2,1,2,0.16698
2,10,4,2,2,1,0.18641
2,10,4,2,2,1,0.15909
2,10,4,2,2,1,0.20139
2,10,4,2,2,2,0.21163
2,10,4,2,2,2,0.17932
2,10,4,2,2,2,0.20165
2,10,4,3,1,1,0.15382
2,10,4,3,1,1,0.15724
2,10,4,3,1,1,0.15276
2,10,4,3,1,2,0.16262
2,10,4,3,1,2,0.16905
2,10,4,3,1,2,0.16239
2,10,4,3,2,1,0.23432
2,10,4,3,2,1,0.24981
2,10,4,3,2,1,0.24686
2,10,4,3,2,2,0.23845
2,10,4,3,2,2,0.24733
2,10,4,3,2,2,0.22929
2,10,7,1,1,1,0.17841
2,10,7,1,1,1,0.17434
2,10,7,1,1,1,0.17167
2,10,7,1,1,2,0.19334
2,10,7,1,1,2,0.25488
2,10,7,1,1,2,0.21696
2,10,7,1,2,1,0.25478
2,10,7,1,2,1,0.24919
2,10,7,1,2,1,0.2766
2,10,7,1,2,2,0.19587
2,10,7,1,2,2,0.17985
2,10,7,1,2,2,0.22108
2,10,7,2,1,1,0.19628
2,10,7,2,1,1,0.21216
2,10,7,2,1,1,0.21694
2,10,7,2,1,2,0.20971
2,10,7,2,1,2,0.21931
2,10,7,2,1,2,0.17695
2,10,7,2,2,1,0.27651
2,10,7,2,2,1,0.28865
2,10,7,2,2,1,0.27655
2,10,7,2,2,2,0.28986
2,10,7,2,2,2,0.32135
2,10,7,2,2,2,0.31155
2,10,7,3,1,1,0.21765
2,10,7,3,1,1,0.25038
2,10,7,3,1,1,0.23447
2,10,7,3,1,2,0.19404
2,10,7,3,1,2,0.20693
2,10,7,3,1,2,0.22097
2,10,7,3,2,1,0.28999
2,10,7,3,2,1,0.29987
2,10,7,3,2,1,0.30352
2,10,7,3,2,2,0.29393
2,10,7,3,2,2,0.29993
2,10,7,3,2,2,0.3263
