group , participant , session , IDRight , IDLeft , value
1,2,1,1,1,0.035605
1,2,1,1,1,0.035096
1,2,1,1,1,0.022438
1,2,1,1,2,0.032542
1,2,1,1,2,0.039178
1,2,1,1,2,0.029356
1,2,1,2,1,0.041772
1,2,1,2,1,0.022034
1,2,1,2,1,0.028359
1,2,1,2,2,0.038694
1,2,1,2,2,0.069416
1,2,1,2,2,0.056663
1,2,1,3,1,0.037186
1,2,1,3,1,0.052219
1,2,1,3,1,0.053003
1,2,1,3,2,0.070537
1,2,1,3,2,0.10846
1,2,1,3,2,0.10609
1,2,4,1,1,0.039205
1,2,4,1,1,0.036784
1,2,4,1,1,0.037931
1,2,4,1,2,0.053504
1,2,4,1,2,0.055087
1,2,4,1,2,0.05268
1,2,4,2,1,0.045514
1,2,4,2,1,0.014211
1,2,4,2,1,0.049837
1,2,4,2,2,0.15262
1,2,4,2,2,0.12902
1,2,4,2,2,0.14528
1,2,4,3,1,0.073616
1,2,4,3,1,0.10582
1,2,4,3,1,0.062559
1,2,4,3,2,0.17619
1,2,4,3,2,0.17116
1,2,4,3,2,0.14341
1,2,7,1,1,0.065094
1,2,7,1,1,0.047457
1,2,7,1,1,0.036845
1,2,7,1,2,0.059847
1,2,7,1,2,0.072941
1,2,7,1,2,0.047312
1,2,7,2,1,0.059654
1,2,7,2,1,0.06022
1,2,7,2,1,0.043007
1,2,7,2,2,0.155
1,2,7,2,2,0.15146
1,2,7,2,2,0.13653
1,2,7,3,1,0.050336
1,2,7,3,1,0.065299
1,2,7,3,1,0.080059
1,2,7,3,2,0.10575
1,2,7,3,2,0.12768
1,2,7,3,2,0.090013
1,3,1,1,1,0.025877
1,3,1,1,1,0.026048
1,3,1,1,1,0.025628
1,3,1,1,2,0.043052
1,3,1,1,2,0.029592
1,3,1,1,2,0.030354
1,3,1,2,1,0.020141
1,3,1,2,1,0.025368
1,3,1,2,1,0.021878
1,3,1,2,2,0.097941
1,3,1,2,2,0.071214
1,3,1,2,2,0.066405
1,3,1,3,1,0.042435
1,3,1,3,1,0.049782
1,3,1,3,1,0.038279
1,3,1,3,2,0.093207
1,3,1,3,2,0.092352
1,3,1,3,2,0.1091
1,3,4,1,1,0.032651
1,3,4,1,1,0.021018
1,3,4,1,1,0.023063
1,3,4,1,2,0.046804
1,3,4,1,2,0.033749
1,3,4,1,2,0.031207
1,3,4,2,1,0.024705
1,3,4,2,1,0.026028
1,3,4,2,1,0.02857
1,3,4,2,2,0.06103
1,3,4,2,2,0.064183
1,3,4,2,2,0.059281
1,3,4,3,1,0.039997
1,3,4,3,1,0.031846
1,3,4,3,1,0.032084
1,3,4,3,2,0.15169
1,3,4,3,2,0.11897
1,3,4,3,2,0.15935
1,3,7,1,1,0.028584
1,3,7,1,1,0.030021
1,3,7,1,1,0.02454
1,3,7,1,2,0.036467
1,3,7,1,2,0.034506
1,3,7,1,2,0.034383
1,3,7,2,1,0.046078
1,3,7,2,1,0.027779
1,3,7,2,1,0.057352
1,3,7,2,2,0.11436
1,3,7,2,2,0.072252
1,3,7,2,2,0.086073
1,3,7,3,1,0.040901
1,3,7,3,1,0.045249
1,3,7,3,1,0.028253
1,3,7,3,2,0.17552
1,3,7,3,2,0.15336
1,3,7,3,2,0.15905
1,6,1,1,1,0.034678
1,6,1,1,1,0.038454
1,6,1,1,1,0.042702
1,6,1,1,2,0.031159
1,6,1,1,2,0.025238
1,6,1,1,2,0.040978
1,6,1,2,1,0.030348
1,6,1,2,1,0.041139
1,6,1,2,1,0.0144
1,6,1,2,2,0.03572
1,6,1,2,2,0.044227
1,6,1,2,2,0.040659
1,6,1,3,1,0.064665
1,6,1,3,1,0.041891
1,6,1,3,1,0.054625
1,6,1,3,2,0.067405
1,6,1,3,2,0.051757
1,6,1,3,2,0.10265
1,6,4,1,1,0.022371
1,6,4,1,1,0.028899
1,6,4,1,1,0.025625
1,6,4,1,2,0.039509
1,6,4,1,2,0.028758
1,6,4,1,2,0.031703
1,6,4,2,1,0.028958
1,6,4,2,1,0.02314
1,6,4,2,1,0.024371
1,6,4,2,2,0.057421
1,6,4,2,2,0.048153
1,6,4,2,2,0.048185
1,6,4,3,1,0.040576
1,6,4,3,1,0.035439
1,6,4,3,1,0.037982
1,6,4,3,2,0.083632
1,6,4,3,2,0.085146
1,6,4,3,2,0.075914
1,6,7,1,1,0.017392
1,6,7,1,1,0.021635
1,6,7,1,1,0.022854
1,6,7,1,2,0.032472
1,6,7,1,2,0.040006
1,6,7,1,2,0.03893
1,6,7,2,1,0.034498
1,6,7,2,1,0.053085
1,6,7,2,1,0.035462
1,6,7,2,2,0.054515
1,6,7,2,2,0.047258
1,6,7,2,2,0.054088
1,6,7,3,1,0.044018
1,6,7,3,1,0.038762
1,6,7,3,1,0.040126
1,6,7,3,2,0.089012
1,6,7,3,2,0.072607
1,6,7,3,2,0.077702
1,8,1,1,1,0.019228
1,8,1,1,1,0.023184
1,8,1,1,1,0.021592
1,8,1,1,2,0.038088
1,8,1,1,2,0.032997
1,8,1,1,2,0.035757
1,8,1,2,1,0.035075
1,8,1,2,1,0.022021
1,8,1,2,1,0.031238
1,8,1,2,2,0.056286
1,8,1,2,2,0.059828
1,8,1,2,2,0.062487
1,8,1,3,1,0.031372
1,8,1,3,1,0.040194
1,8,1,3,1,0.041562
1,8,1,3,2,0.15004
1,8,1,3,2,0.15209
1,8,1,3,2,0.15053
1,8,4,1,1,0.026107
1,8,4,1,1,0.029351
1,8,4,1,1,0.030246
1,8,4,1,2,0.036429
1,8,4,1,2,0.037223
1,8,4,1,2,0.028827
1,8,4,2,1,0.025302
1,8,4,2,1,0.032024
1,8,4,2,1,0.033134
1,8,4,2,2,0.077395
1,8,4,2,2,0.087699
1,8,4,2,2,0.10365
1,8,4,3,1,0.041692
1,8,4,3,1,0.033194
1,8,4,3,1,0.034455
1,8,4,3,2,0.15266
1,8,4,3,2,0.16705
1,8,4,3,2,0.17421
1,8,7,1,1,0.024706
1,8,7,1,1,0.022361
1,8,7,1,1,0.026513
1,8,7,1,2,0.033679
1,8,7,1,2,0.045252
1,8,7,1,2,0.038798
1,8,7,2,1,0.031013
1,8,7,2,1,0.03421
1,8,7,2,1,0.032397
1,8,7,2,2,0.094581
1,8,7,2,2,0.1032
1,8,7,2,2,0.10312
1,8,7,3,1,0.03676
1,8,7,3,1,0.04579
1,8,7,3,1,0.039221
1,8,7,3,2,0.1761
1,8,7,3,2,0.17664
1,8,7,3,2,0.17643
1,9,1,1,1,0.023628
1,9,1,1,1,0.039851
1,9,1,1,1,0.026003
1,9,1,1,2,0.035578
1,9,1,1,2,0.029979
1,9,1,1,2,0.035512
1,9,1,2,1,0.033435
1,9,1,2,1,0.029492
1,9,1,2,1,0.037704
1,9,1,2,2,0.063413
1,9,1,2,2,0.051563
1,9,1,2,2,0.06598
1,9,1,3,1,0.050348
1,9,1,3,1,0.035965
1,9,1,3,1,0.066896
1,9,1,3,2,0.081943
1,9,1,3,2,0.12036
1,9,1,3,2,0.16526
1,9,4,1,1,0.03637
1,9,4,1,1,0.033711
1,9,4,1,1,0.029982
1,9,4,1,2,0.046126
1,9,4,1,2,0.083381
1,9,4,1,2,0.043319
1,9,4,2,1,0.064284
1,9,4,2,1,0.039483
1,9,4,2,1,0.03787
1,9,4,2,2,0.11082
1,9,4,2,2,0.14435
1,9,4,2,2,0.10243
1,9,4,3,1,0.049249
1,9,4,3,1,0.048011
1,9,4,3,1,0.068946
1,9,4,3,2,0.15252
1,9,4,3,2,0.15568
1,9,4,3,2,0.15892
1,9,7,1,1,0.036965
1,9,7,1,1,0.029688
1,9,7,1,1,0.024895
1,9,7,1,2,0.042304
1,9,7,1,2,0.044602
1,9,7,1,2,0.072104
1,9,7,2,1,0.048512
1,9,7,2,1,0.033553
1,9,7,2,1,0.043202
1,9,7,2,2,0.10175
1,9,7,2,2,0.11467
1,9,7,2,2,0.10468
1,9,7,3,1,0.055057
1,9,7,3,1,0.06735
1,9,7,3,1,0.055583
1,9,7,3,2,0.13654
1,9,7,3,2,0.15878
1,9,7,3,2,0.17616
2,1,1,1,1,0.024554
2,1,1,1,1,0.014497
2,1,1,1,1,0.016634
2,1,1,1,2,0.042804
2,1,1,1,2,0.031151
2,1,1,1,2,0.053052
2,1,1,2,1,0.040062
2,1,1,2,1,0.032954
2,1,1,2,1,0.028625
2,1,1,2,2,0.047249
2,1,1,2,2,0.05287
2,1,1,2,2,0.060237
2,1,1,3,1,0.068802
2,1,1,3,1,0.070896
2,1,1,3,1,0.039915
2,1,1,3,2,0.11968
2,1,1,3,2,0.12587
2,1,1,3,2,0.1754
2,1,4,1,1,0.014458
2,1,4,1,1,0.022277
2,1,4,1,1,0.020498
2,1,4,1,2,0.029337
2,1,4,1,2,0.035988
2,1,4,1,2,0.043274
2,1,4,2,1,0.038262
2,1,4,2,1,0.037808
2,1,4,2,1,0.044191
2,1,4,2,2,0.078935
2,1,4,2,2,0.055457
2,1,4,2,2,0.060739
2,1,4,3,1,0.03329
2,1,4,3,1,0.04962
2,1,4,3,1,0.036402
2,1,4,3,2,0.089706
2,1,4,3,2,0.15288
2,1,4,3,2,0.16534
2,1,7,1,1,0.024291
2,1,7,1,1,0.030101
2,1,7,1,1,0.03287
2,1,7,1,2,0.01811
2,1,7,1,2,0.013866
2,1,7,1,2,0.022493
2,1,7,2,1,0.03801
2,1,7,2,1,0.041513
2,1,7,2,1,0.049107
2,1,7,2,2,0.018964
2,1,7,2,2,0.055652
2,1,7,2,2,0.037903
2,1,7,3,1,8.1373e-06
2,1,7,3,1,5.5766e-06
2,1,7,3,1,7.6742e-06
2,1,7,3,2,0.16359
2,1,7,3,2,0.17099
2,1,7,3,2,0.1756
2,4,1,1,1,0.024733
2,4,1,1,1,0.021989
2,4,1,1,1,0.025583
2,4,1,1,2,0.028658
2,4,1,1,2,0.033034
2,4,1,1,2,0.036734
2,4,1,2,1,0.029425
2,4,1,2,1,0.028667
2,4,1,2,1,0.022269
2,4,1,2,2,0.062931
2,4,1,2,2,0.068133
2,4,1,2,2,0.063677
2,4,1,3,1,0.022767
2,4,1,3,1,0.037096
2,4,1,3,1,0.031825
2,4,1,3,2,0.080575
2,4,1,3,2,0.074487
2,4,1,3,2,0.14161
2,4,4,1,1,0.02983
2,4,4,1,1,0.029853
2,4,4,1,1,0.029187
2,4,4,1,2,0.024751
2,4,4,1,2,0.046213
2,4,4,1,2,0.019248
2,4,4,2,1,0.030273
2,4,4,2,1,0.023358
2,4,4,2,1,0.025873
2,4,4,2,2,0.043472
2,4,4,2,2,0.017552
2,4,4,2,2,0.02074
2,4,4,3,1,2.9833e-05
2,4,4,3,1,4.2448e-05
2,4,4,3,1,4.9981e-05
2,4,4,3,2,0.10084
2,4,4,3,2,0.13423
2,4,4,3,2,0.1572
2,4,7,1,1,0.01593
2,4,7,1,1,0.01943
2,4,7,1,1,0.019703
2,4,7,1,2,0.017671
2,4,7,1,2,0.012794
2,4,7,1,2,0.014829
2,4,7,2,1,5.4678e-06
2,4,7,2,1,3.0539e-06
2,4,7,2,1,3.6998e-06
2,4,7,2,2,0.023286
2,4,7,2,2,0.036134
2,4,7,2,2,0.023937
2,4,7,3,1,1.3216e-05
2,4,7,3,1,4.1161e-06
2,4,7,3,1,4.4108e-05
2,4,7,3,2,0.11753
2,4,7,3,2,0.17648
2,4,7,3,2,0.16957
2,5,1,1,1,0.032102
2,5,1,1,1,0.023969
2,5,1,1,1,0.040839
2,5,1,1,2,0.015377
2,5,1,1,2,0.00081745
2,5,1,1,2,0.033138
2,5,1,2,1,3.7931e-06
2,5,1,2,1,3.3516e-06
2,5,1,2,1,0.00013205
2,5,1,2,2,0.016651
2,5,1,2,2,0.044796
2,5,1,2,2,0.020255
2,5,1,3,1,0.00013361
2,5,1,3,1,0.00012843
2,5,1,3,1,0.00010605
2,5,1,3,2,0.14676
2,5,1,3,2,0.10492
2,5,1,3,2,0.14338
2,5,4,1,1,0.022161
2,5,4,1,1,0.02169
2,5,4,1,1,0.03352
2,5,4,1,2,0.036959
2,5,4,1,2,0.036587
2,5,4,1,2,0.031019
2,5,4,2,1,8.5245e-06
2,5,4,2,1,1.7686e-05
2,5,4,2,1,4.2688e-06
2,5,4,2,2,0.088181
2,5,4,2,2,0.052871
2,5,4,2,2,0.042398
2,5,4,3,1,1.3202e-05
2,5,4,3,1,1.0724e-05
2,5,4,3,1,0.0004694
2,5,4,3,2,0.10505
2,5,4,3,2,0.12641
2,5,4,3,2,0.15281
2,5,7,1,1,0.02668
2,5,7,1,1,0.037451
2,5,7,1,1,0.033083
2,5,7,1,2,0.022504
2,5,7,1,2,0.037988
2,5,7,1,2,0.035154
2,5,7,2,1,2.0274e-05
2,5,7,2,1,5.976e-05
2,5,7,2,1,1.6887e-05
2,5,7,2,2,0.068847
2,5,7,2,2,0.0532
2,5,7,2,2,0.059222
2,5,7,3,1,1.3576e-05
2,5,7,3,1,7.9411e-06
2,5,7,3,1,1.8723e-05
2,5,7,3,2,0.15355
2,5,7,3,2,0.15632
2,5,7,3,2,0.15271
2,7,1,1,1,0.02423
2,7,1,1,1,0.028556
2,7,1,1,1,0.023733
2,7,1,1,2,0.063802
2,7,1,1,2,0.06907
2,7,1,1,2,0.045559
2,7,1,2,1,0.029721
2,7,1,2,1,0.044384
2,7,1,2,1,0.031468
2,7,1,2,2,0.078078
2,7,1,2,2,0.10038
2,7,1,2,2,0.061189
2,7,1,3,1,0.050158
2,7,1,3,1,0.047774
2,7,1,3,1,0.0383
2,7,1,3,2,0.16279
2,7,1,3,2,0.13251
2,7,1,3,2,0.13393
2,7,4,1,1,0.040839
2,7,4,1,1,0.02347
2,7,4,1,1,0.026879
2,7,4,1,2,0.054682
2,7,4,1,2,0.038364
2,7,4,1,2,0.06622
2,7,4,2,1,0.03513
2,7,4,2,1,0.03513
2,7,4,2,1,0.031181
2,7,4,2,2,0.10862
2,7,4,2,2,0.084064
2,7,4,2,2,0.10575
2,7,4,3,1,1.7051e-05
2,7,4,3,1,9.4742e-06
2,7,4,3,1,2.4726e-06
2,7,4,3,2,0.14672
2,7,4,3,2,0.135
2,7,4,3,2,0.15209
2,7,7,1,1,0.032308
2,7,7,1,1,0.030455
2,7,7,1,1,0.027714
2,7,7,1,2,0.039929
2,7,7,1,2,0.030043
2,7,7,1,2,0.026677
2,7,7,2,1,7.8857e-06
2,7,7,2,1,2.7058e-05
2,7,7,2,1,5.2449e-06
2,7,7,2,2,0.053428
2,7,7,2,2,0.064858
2,7,7,2,2,0.062376
2,7,7,3,1,8.8885e-06
2,7,7,3,1,2.5366e-06
2,7,7,3,1,8.0966e-06
2,7,7,3,2,0.15608
2,7,7,3,2,0.1659
2,7,7,3,2,0.17601
2,10,1,1,1,0.028544
2,10,1,1,1,0.019649
2,10,1,1,1,0.030162
2,10,1,1,2,0.020594
2,10,1,1,2,0.029873
2,10,1,1,2,0.034182
2,10,1,2,1,0.030932
2,10,1,2,1,0.028401
2,10,1,2,1,0.038217
2,10,1,2,2,0.042194
2,10,1,2,2,0.032513
2,10,1,2,2,0.035911
2,10,1,3,1,0.030784
2,10,1,3,1,0.03788
2,10,1,3,1,0.036045
2,10,1,3,2,0.068737
2,10,1,3,2,0.069046
2,10,1,3,2,0.07366
2,10,4,1,1,0.018669
2,10,4,1,1,0.02078
2,10,4,1,1,0.02618
2,10,4,1,2,0.029618
2,10,4,1,2,0.03129
2,10,4,1,2,0.02376
2,10,4,2,1,0.030188
2,10,4,2,1,0.038812
2,10,4,2,1,0.033877
2,10,4,2,2,0.090568
2,10,4,2,2,0.04852
2,10,4,2,2,0.059531
2,10,4,3,1,0.026308
2,10,4,3,1,0.025768
2,10,4,3,1,0.026518
2,10,4,3,2,0.084869
2,10,4,3,2,0.077905
2,10,4,3,2,0.11373
2,10,7,1,1,0.030141
2,10,7,1,1,0.028195
2,10,7,1,1,0.029847
2,10,7,1,2,0.028541
2,10,7,1,2,0.030777
2,10,7,1,2,0.046325
2,10,7,2,1,0.030961
2,10,7,2,1,0.028127
2,10,7,2,1,0.02765
2,10,7,2,2,0.068582
2,10,7,2,2,0.051708
2,10,7,2,2,0.062914
2,10,7,3,1,0.028867
2,10,7,3,1,0.028588
2,10,7,3,1,0.03206
2,10,7,3,2,0.088636
2,10,7,3,2,0.090046
2,10,7,3,2,0.075931
