group , participant , session , IDRight , IDLeft , value
1,2,1,1,1,0.0025377
1,2,1,1,1,0.012598
1,2,1,1,1,0.0053631
1,2,1,1,2,0.0048338
1,2,1,1,2,0.011349
1,2,1,1,2,0.95377
1,2,1,2,1,0.92234
1,2,1,2,1,0.0040528
1,2,1,2,1,0.0050932
1,2,1,2,2,0.0061178
1,2,1,2,2,0.0052247
1,2,1,2,2,0.0090385
1,2,1,3,1,0.003844
1,2,1,3,1,0.0067149
1,2,1,3,1,0.0051221
1,2,1,3,2,0.0064259
1,2,1,3,2,0.010374
1,2,1,3,2,0.0088559
1,2,4,1,1,0.011501
1,2,4,1,1,0.010491
1,2,4,1,1,0.0044945
1,2,4,1,2,0.012007
1,2,4,1,2,0.004413
1,2,4,1,2,0.0040483
1,2,4,2,1,0.0086791
1,2,4,2,1,0.010712
1,2,4,2,1,0.013863
1,2,4,2,2,0.0079241
1,2,4,2,2,0.0079513
1,2,4,2,2,0.0060229
1,2,4,3,1,0.004134
1,2,4,3,1,0.0061636
1,2,4,3,1,0.0034194
1,2,4,3,2,0.023459
1,2,4,3,2,0.010834
1,2,4,3,2,0.022708
1,2,7,1,1,0.0051587
1,2,7,1,1,0.0079693
1,2,7,1,1,0.0031003
1,2,7,1,2,0.0029758
1,2,7,1,2,0.0040442
1,2,7,1,2,0.87823
1,2,7,2,1,0.0059582
1,2,7,2,1,0.0062717
1,2,7,2,1,0.0045064
1,2,7,2,2,0.0068096
1,2,7,2,2,0.0070538
1,2,7,2,2,0.0050599
1,2,7,3,1,0.0046911
1,2,7,3,1,0.010684
1,2,7,3,1,0.005549
1,2,7,3,2,0.012369
1,2,7,3,2,0.016376
1,2,7,3,2,0.044474
1,3,1,1,1,0.0021532
1,3,1,1,1,0.0015579
1,3,1,1,1,0.0010918
1,3,1,1,2,0.0098737
1,3,1,1,2,0.0025029
1,3,1,1,2,0.0025957
1,3,1,2,1,0.0018087
1,3,1,2,1,0.0043445
1,3,1,2,1,0.0030836
1,3,1,2,2,0.0043524
1,3,1,2,2,0.0048501
1,3,1,2,2,0.0044723
1,3,1,3,1,0.0034076
1,3,1,3,1,0.0015264
1,3,1,3,1,0.0040351
1,3,1,3,2,0.01104
1,3,1,3,2,0.0085742
1,3,1,3,2,0.011215
1,3,4,1,1,0.002846
1,3,4,1,1,0.0038765
1,3,4,1,1,0.0030393
1,3,4,1,2,0.0035891
1,3,4,1,2,0.0045807
1,3,4,1,2,0.0045725
1,3,4,2,1,0.0027028
1,3,4,2,1,0.004385
1,3,4,2,1,0.004322
1,3,4,2,2,0.0028866
1,3,4,2,2,0.0033789
1,3,4,2,2,0.0027414
1,3,4,3,1,0.0042886
1,3,4,3,1,0.0065132
1,3,4,3,1,0.005111
1,3,4,3,2,0.012235
1,3,4,3,2,0.0046412
1,3,4,3,2,0.011354
1,3,7,1,1,0.0017034
1,3,7,1,1,0.0017509
1,3,7,1,1,0.0021821
1,3,7,1,2,0.0014631
1,3,7,1,2,0.0019415
1,3,7,1,2,0.0014849
1,3,7,2,1,0.0025533
1,3,7,2,1,0.0033156
1,3,7,2,1,0.0020214
1,3,7,2,2,0.0035316
1,3,7,2,2,0.0046278
1,3,7,2,2,0.0038402
1,3,7,3,1,0.0016391
1,3,7,3,1,0.0015545
1,3,7,3,1,0.0011831
1,3,7,3,2,0.0094083
1,3,7,3,2,0.012746
1,3,7,3,2,0.009886
1,6,1,1,1,0.0015329
1,6,1,1,1,0.0021818
1,6,1,1,1,0.0024625
1,6,1,1,2,0.0022258
1,6,1,1,2,0.0023526
1,6,1,1,2,0.0030111
1,6,1,2,1,0.0029055
1,6,1,2,1,0.0037158
1,6,1,2,1,0.0027595
1,6,1,2,2,0.0031902
1,6,1,2,2,0.0040791
1,6,1,2,2,0.0034131
1,6,1,3,1,0.0073935
1,6,1,3,1,0.0022171
1,6,1,3,1,0.0040203
1,6,1,3,2,0.0069038
1,6,1,3,2,0.004171
1,6,1,3,2,0.0047181
1,6,4,1,1,0.0033663
1,6,4,1,1,0.0038683
1,6,4,1,1,0.0025214
1,6,4,1,2,0.0094812
1,6,4,1,2,0.0052942
1,6,4,1,2,0.0056336
1,6,4,2,1,0.0082121
1,6,4,2,1,0.0076726
1,6,4,2,1,0.0033172
1,6,4,2,2,0.0032779
1,6,4,2,2,0.0040314
1,6,4,2,2,0.0051287
1,6,4,3,1,0.0070402
1,6,4,3,1,0.0048335
1,6,4,3,1,0.0039728
1,6,4,3,2,0.0045005
1,6,4,3,2,0.0065284
1,6,4,3,2,0.0077676
1,6,7,1,1,0.0027085
1,6,7,1,1,0.0027439
1,6,7,1,1,0.0014246
1,6,7,1,2,0.0045657
1,6,7,1,2,0.0039614
1,6,7,1,2,0.0038482
1,6,7,2,1,0.0044436
1,6,7,2,1,0.002838
1,6,7,2,1,0.0023227
1,6,7,2,2,0.0076694
1,6,7,2,2,0.0059976
1,6,7,2,2,0.0045184
1,6,7,3,1,0.0024881
1,6,7,3,1,0.0025726
1,6,7,3,1,0.0019472
1,6,7,3,2,0.0080148
1,6,7,3,2,0.0038419
1,6,7,3,2,0.0058335
1,8,1,1,1,0.0010373
1,8,1,1,1,0.0011636
1,8,1,1,1,0.0014432
1,8,1,1,2,0.0020959
1,8,1,1,2,0.0022443
1,8,1,1,2,0.0042597
1,8,1,2,1,0.0020427
1,8,1,2,1,0.001287
1,8,1,2,1,0.0015986
1,8,1,2,2,0.0022468
1,8,1,2,2,0.0026455
1,8,1,2,2,0.0069855
1,8,1,3,1,0.0013264
1,8,1,3,1,0.0013034
1,8,1,3,1,0.0019183
1,8,1,3,2,0.0064533
1,8,1,3,2,0.0055018
1,8,1,3,2,0.0097519
1,8,4,1,1,0.0013305
1,8,4,1,1,0.00084911
1,8,4,1,1,0.00092505
1,8,4,1,2,0.001231
1,8,4,1,2,0.0016171
1,8,4,1,2,0.001582
1,8,4,2,1,0.0013628
1,8,4,2,1,0.00080463
1,8,4,2,1,0.00094725
1,8,4,2,2,0.0037308
1,8,4,2,2,0.0039207
1,8,4,2,2,0.0020388
1,8,4,3,1,0.0013548
1,8,4,3,1,0.0023893
1,8,4,3,1,0.0010768
1,8,4,3,2,0.0099738
1,8,4,3,2,0.010543
1,8,4,3,2,0.0098251
1,8,7,1,1,0.0011387
1,8,7,1,1,0.0011219
1,8,7,1,1,0.0019654
1,8,7,1,2,0.00097018
1,8,7,1,2,0.002102
1,8,7,1,2,0.0022956
1,8,7,2,1,0.0014007
1,8,7,2,1,0.0011952
1,8,7,2,1,0.0015435
1,8,7,2,2,0.0026245
1,8,7,2,2,0.0033248
1,8,7,2,2,0.0085743
1,8,7,3,1,0.0020673
1,8,7,3,1,0.0023916
1,8,7,3,1,0.0016523
1,8,7,3,2,0.032546
1,8,7,3,2,0.020069
1,8,7,3,2,0.01497
1,9,1,1,1,0.0080287
1,9,1,1,1,0.0053132
1,9,1,1,1,0.0044507
1,9,1,1,2,0.0062548
1,9,1,1,2,0.011619
1,9,1,1,2,0.0092185
1,9,1,2,1,0.0063302
1,9,1,2,1,0.0063424
1,9,1,2,1,0.0074843
1,9,1,2,2,0.0052087
1,9,1,2,2,0.92679
1,9,1,2,2,0.005547
1,9,1,3,1,0.0056778
1,9,1,3,1,0.006154
1,9,1,3,1,0.014955
1,9,1,3,2,0.0096504
1,9,1,3,2,0.0051938
1,9,1,3,2,0.0097503
1,9,4,1,1,0.0033301
1,9,4,1,1,0.0051422
1,9,4,1,1,0.0093409
1,9,4,1,2,0.0023937
1,9,4,1,2,0.018521
1,9,4,1,2,0.0081918
1,9,4,2,1,0.0036448
1,9,4,2,1,0.0047077
1,9,4,2,1,0.0039325
1,9,4,2,2,0.0032218
1,9,4,2,2,0.013296
1,9,4,2,2,0.0049044
1,9,4,3,1,0.0040255
1,9,4,3,1,0.016063
1,9,4,3,1,0.010243
1,9,4,3,2,0.010193
1,9,4,3,2,0.014904
1,9,4,3,2,0.016258
1,9,7,1,1,0.0068085
1,9,7,1,1,0.0081604
1,9,7,1,1,0.0051558
1,9,7,1,2,0.0053133
1,9,7,1,2,0.012288
1,9,7,1,2,0.005606
1,9,7,2,1,0.0077545
1,9,7,2,1,0.0070059
1,9,7,2,1,0.0043158
1,9,7,2,2,0.0051586
1,9,7,2,2,0.0062235
1,9,7,2,2,0.012934
1,9,7,3,1,0.0072595
1,9,7,3,1,0.0076649
1,9,7,3,1,0.0043809
1,9,7,3,2,0.019078
1,9,7,3,2,0.011481
1,9,7,3,2,0.039358
2,1,1,1,1,0.0035084
2,1,1,1,1,0.0019922
2,1,1,1,1,0.0061288
2,1,1,1,2,0.0035424
2,1,1,1,2,0.0048337
2,1,1,1,2,0.0046132
2,1,1,2,1,0.0019963
2,1,1,2,1,0.0018703
2,1,1,2,1,0.0019434
2,1,1,2,2,0.0062513
2,1,1,2,2,0.0047165
2,1,1,2,2,0.0084737
2,1,1,3,1,0.0042272
2,1,1,3,1,0.0025892
2,1,1,3,1,0.0029041
2,1,1,3,2,0.0069932
2,1,1,3,2,0.0067427
2,1,1,3,2,0.0067912
2,1,4,1,1,0.0012266
2,1,4,1,1,0.00098698
2,1,4,1,1,0.0015554
2,1,4,1,2,0.0014312
2,1,4,1,2,0.0034733
2,1,4,1,2,0.0016232
2,1,4,2,1,0.0010411
2,1,4,2,1,0.0015662
2,1,4,2,1,0.0015614
2,1,4,2,2,0.0036692
2,1,4,2,2,0.0022955
2,1,4,2,2,0.0050415
2,1,4,3,1,0.0013931
2,1,4,3,1,0.0030349
2,1,4,3,1,0.0026298
2,1,4,3,2,0.0077815
2,1,4,3,2,0.0069427
2,1,4,3,2,0.018155
2,1,7,1,1,0.0020754
2,1,7,1,1,0.0032598
2,1,7,1,1,0.0046049
2,1,7,1,2,0.99978
2,1,7,1,2,0.99977
2,1,7,1,2,0.9999
2,1,7,2,1,0.0012298
2,1,7,2,1,0.0017141
2,1,7,2,1,0.0023363
2,1,7,2,2,0.99971
2,1,7,2,2,0.99918
2,1,7,2,2,0.99009
2,1,7,3,1,0.99989
2,1,7,3,1,0.99983
2,1,7,3,1,0.99997
2,1,7,3,2,0.01684
2,1,7,3,2,0.015689
2,1,7,3,2,0.015442
2,4,1,1,1,0.0015391
2,4,1,1,1,0.001845
2,4,1,1,1,0.0013287
2,4,1,1,2,0.0034899
2,4,1,1,2,0.0027073
2,4,1,1,2,0.001416
2,4,1,2,1,0.0017072
2,4,1,2,1,0.82848
2,4,1,2,1,0.0013221
2,4,1,2,2,0.0068296
2,4,1,2,2,0.0028276
2,4,1,2,2,0.0026057
2,4,1,3,1,0.0055755
2,4,1,3,1,0.001518
2,4,1,3,1,0.005495
2,4,1,3,2,0.0066739
2,4,1,3,2,0.0028887
2,4,1,3,2,0.0058191
2,4,4,1,1,0.0026468
2,4,4,1,1,0.0017911
2,4,4,1,1,0.0015418
2,4,4,1,2,0.9999
2,4,4,1,2,0.99991
2,4,4,1,2,0.99997
2,4,4,2,1,0.073832
2,4,4,2,1,0.0042284
2,4,4,2,1,0.0020606
2,4,4,2,2,0.99982
2,4,4,2,2,0.99985
2,4,4,2,2,0.99948
2,4,4,3,1,0.99966
2,4,4,3,1,0.99997
2,4,4,3,1,0.99995
2,4,4,3,2,0.0039838
2,4,4,3,2,0.0079582
2,4,4,3,2,0.0068994
2,4,7,1,1,0.0014406
2,4,7,1,1,0.0014619
2,4,7,1,1,0.0014072
2,4,7,1,2,0.99997
2,4,7,1,2,0.99991
2,4,7,1,2,0.99996
2,4,7,2,1,0.98586
2,4,7,2,1,0.99981
2,4,7,2,1,0.99996
2,4,7,2,2,0.99716
2,4,7,2,2,0.99983
2,4,7,2,2,0.99984
2,4,7,3,1,0.99974
2,4,7,3,1,0.99985
2,4,7,3,1,0.96052
2,4,7,3,2,0.0075652
2,4,7,3,2,0.0047677
2,4,7,3,2,0.0068275
2,5,1,1,1,0.0034856
2,5,1,1,1,0.0024429
2,5,1,1,1,0.0025515
2,5,1,1,2,0.99955
2,5,1,1,2,0.97664
2,5,1,1,2,0.99974
2,5,1,2,1,0.99988
2,5,1,2,1,0.99997
2,5,1,2,1,0.99281
2,5,1,2,2,0.91711
2,5,1,2,2,0.99927
2,5,1,2,2,0.94894
2,5,1,3,1,0.99995
2,5,1,3,1,0.99982
2,5,1,3,1,0.99943
2,5,1,3,2,0.0081728
2,5,1,3,2,0.0035643
2,5,1,3,2,0.0042465
2,5,4,1,1,0.0077761
2,5,4,1,1,0.0083045
2,5,4,1,1,0.0056227
2,5,4,1,2,0.99976
2,5,4,1,2,0.99978
2,5,4,1,2,0.99995
2,5,4,2,1,0.99974
2,5,4,2,1,0.99962
2,5,4,2,1,0.99999
2,5,4,2,2,0.99971
2,5,4,2,2,0.99534
2,5,4,2,2,0.99971
2,5,4,3,1,0.99986
2,5,4,3,1,0.99983
2,5,4,3,1,0.99909
2,5,4,3,2,0.0063845
2,5,4,3,2,0.0095504
2,5,4,3,2,0.010845
2,5,7,1,1,0.0072942
2,5,7,1,1,0.014605
2,5,7,1,1,0.0076399
2,5,7,1,2,0.99969
2,5,7,1,2,0.99965
2,5,7,1,2,0.99993
2,5,7,2,1,0.9999
2,5,7,2,1,0.9996
2,5,7,2,1,0.99981
2,5,7,2,2,0.99971
2,5,7,2,2,0.99951
2,5,7,2,2,0.99826
2,5,7,3,1,0.9993
2,5,7,3,1,0.99945
2,5,7,3,1,0.99978
2,5,7,3,2,0.0070094
2,5,7,3,2,0.014134
2,5,7,3,2,0.012748
2,7,1,1,1,0.003086
2,7,1,1,1,0.0028132
2,7,1,1,1,0.0034798
2,7,1,1,2,0.0049171
2,7,1,1,2,0.0087357
2,7,1,1,2,0.0038845
2,7,1,2,1,0.0051017
2,7,1,2,1,0.0037381
2,7,1,2,1,0.007389
2,7,1,2,2,0.0055592
2,7,1,2,2,0.0042254
2,7,1,2,2,0.0057166
2,7,1,3,1,0.0073487
2,7,1,3,1,0.0052707
2,7,1,3,1,0.0035242
2,7,1,3,2,0.034143
2,7,1,3,2,0.016845
2,7,1,3,2,0.0076226
2,7,4,1,1,0.0012336
2,7,4,1,1,0.0014769
2,7,4,1,1,0.0019897
2,7,4,1,2,0.13049
2,7,4,1,2,0.003493
2,7,4,1,2,0.0027858
2,7,4,2,1,0.041425
2,7,4,2,1,0.0015142
2,7,4,2,1,0.0015443
2,7,4,2,2,0.22406
2,7,4,2,2,0.0036103
2,7,4,2,2,0.0088575
2,7,4,3,1,0.99945
2,7,4,3,1,0.99982
2,7,4,3,1,0.99981
2,7,4,3,2,0.021101
2,7,4,3,2,0.018008
2,7,4,3,2,0.01888
2,7,7,1,1,0.0019851
2,7,7,1,1,0.002278
2,7,7,1,1,0.0018107
2,7,7,1,2,0.9986
2,7,7,1,2,0.99961
2,7,7,1,2,0.9999
2,7,7,2,1,0.99986
2,7,7,2,1,0.99995
2,7,7,2,1,0.99964
2,7,7,2,2,0.99917
2,7,7,2,2,0.99783
2,7,7,2,2,0.9994
2,7,7,3,1,0.99984
2,7,7,3,1,0.99981
2,7,7,3,1,0.99983
2,7,7,3,2,0.018332
2,7,7,3,2,0.029949
2,7,7,3,2,0.033549
2,10,1,1,1,0.0029008
2,10,1,1,1,0.0033643
2,10,1,1,1,0.0018822
2,10,1,1,2,0.97006
2,10,1,1,2,0.0032325
2,10,1,1,2,0.75854
2,10,1,2,1,0.0015039
2,10,1,2,1,0.003939
2,10,1,2,1,0.0020478
2,10,1,2,2,0.002558
2,10,1,2,2,0.0043455
2,10,1,2,2,0.0058544
2,10,1,3,1,0.0043074
2,10,1,3,1,0.0036703
2,10,1,3,1,0.0089309
2,10,1,3,2,0.0046079
2,10,1,3,2,0.011951
2,10,1,3,2,0.0031316
2,10,4,1,1,0.0016326
2,10,4,1,1,0.0014553
2,10,4,1,1,0.0019833
2,10,4,1,2,0.0028391
2,10,4,1,2,0.97861
2,10,4,1,2,0.0033505
2,10,4,2,1,0.0026686
2,10,4,2,1,0.002151
2,10,4,2,1,0.0021093
2,10,4,2,2,0.0026662
2,10,4,2,2,0.98513
2,10,4,2,2,0.0042141
2,10,4,3,1,0.003009
2,10,4,3,1,0.0020633
2,10,4,3,1,0.001812
2,10,4,3,2,0.012578
2,10,4,3,2,0.010201
2,10,4,3,2,0.015254
2,10,7,1,1,0.0023934
2,10,7,1,1,0.002413
2,10,7,1,1,0.0017503
2,10,7,1,2,0.0014684
2,10,7,1,2,0.0021212
2,10,7,1,2,0.0044137
2,10,7,2,1,0.0017163
2,10,7,2,1,0.0017766
2,10,7,2,1,0.0052188
2,10,7,2,2,0.0078593
2,10,7,2,2,0.0048954
2,10,7,2,2,0.0058835
2,10,7,3,1,0.001169
2,10,7,3,1,0.0042655
2,10,7,3,1,0.0045297
2,10,7,3,2,0.016393
2,10,7,3,2,0.0048738
2,10,7,3,2,0.0064124
