grp , pp , S , IDR , IDL , circularityL
1,2,1,1,1,0.8445
1,2,1,1,1,0.83292
1,2,1,1,1,0.85793
1,2,1,1,1,0.8445
1,2,1,1,1,0.83292
1,2,1,1,1,0.85793
1,2,1,1,2,0.84013
1,2,1,1,2,0.88463
1,2,1,1,2,0.78978
1,2,1,1,2,0.84013
1,2,1,1,2,0.88463
1,2,1,1,2,0.78978
1,2,1,2,1,0.7854
1,2,1,2,1,0.745
1,2,1,2,1,0.76567
1,2,1,2,1,0.7854
1,2,1,2,1,0.745
1,2,1,2,1,0.76567
1,2,1,2,2,0.86396
1,2,1,2,2,0.75122
1,2,1,2,2,0.84643
1,2,1,2,2,0.86396
1,2,1,2,2,0.75122
1,2,1,2,2,0.84643
1,2,1,3,1,0.82859
1,2,1,3,1,0.85466
1,2,1,3,1,0.79968
1,2,1,3,1,0.82859
1,2,1,3,1,0.85466
1,2,1,3,1,0.79968
1,2,1,3,2,0.84218
1,2,1,3,2,0.91925
1,2,1,3,2,0.88583
1,2,1,3,2,0.84218
1,2,1,3,2,0.91925
1,2,1,3,2,0.88583
1,2,4,1,1,0.8379
1,2,4,1,1,0.78698
1,2,4,1,1,0.81422
1,2,4,1,1,0.8379
1,2,4,1,1,0.78698
1,2,4,1,1,0.81422
1,2,4,1,2,0.86262
1,2,4,1,2,0.88372
1,2,4,1,2,0.79153
1,2,4,1,2,0.86262
1,2,4,1,2,0.88372
1,2,4,1,2,0.79153
1,2,4,2,1,0.93637
1,2,4,2,1,0.84159
1,2,4,2,1,0.77787
1,2,4,2,1,0.93637
1,2,4,2,1,0.84159
1,2,4,2,1,0.77787
1,2,4,2,2,0.86141
1,2,4,2,2,0.87097
1,2,4,2,2,0.73459
1,2,4,2,2,0.86141
1,2,4,2,2,0.87097
1,2,4,2,2,0.73459
1,2,4,3,1,0.93108
1,2,4,3,1,0.82095
1,2,4,3,1,0.903
1,2,4,3,1,0.93108
1,2,4,3,1,0.82095
1,2,4,3,1,0.903
1,2,4,3,2,0.88977
1,2,4,3,2,0.92305
1,2,4,3,2,0.87715
1,2,4,3,2,0.88977
1,2,4,3,2,0.92305
1,2,4,3,2,0.87715
1,2,7,1,1,0.77112
1,2,7,1,1,0.75628
1,2,7,1,1,0.84982
1,2,7,1,1,0.77112
1,2,7,1,1,0.75628
1,2,7,1,1,0.84982
1,2,7,1,2,0.83577
1,2,7,1,2,0.88288
1,2,7,1,2,0.80064
1,2,7,1,2,0.83577
1,2,7,1,2,0.88288
1,2,7,1,2,0.80064
1,2,7,2,1,0.81429
1,2,7,2,1,0.92334
1,2,7,2,1,0.89028
1,2,7,2,1,0.81429
1,2,7,2,1,0.92334
1,2,7,2,1,0.89028
1,2,7,2,2,0.79913
1,2,7,2,2,0.81864
1,2,7,2,2,0.87273
1,2,7,2,2,0.79913
1,2,7,2,2,0.81864
1,2,7,2,2,0.87273
1,2,7,3,1,0.90068
1,2,7,3,1,0.88304
1,2,7,3,1,0.93805
1,2,7,3,1,0.90068
1,2,7,3,1,0.88304
1,2,7,3,1,0.93805
1,2,7,3,2,0.90669
1,2,7,3,2,0.84568
1,2,7,3,2,0.90587
1,2,7,3,2,0.90669
1,2,7,3,2,0.84568
1,2,7,3,2,0.90587
1,3,1,1,1,0.69588
1,3,1,1,1,0.81992
1,3,1,1,1,0.80444
1,3,1,1,1,0.69588
1,3,1,1,1,0.81992
1,3,1,1,1,0.80444
1,3,1,1,2,0.67455
1,3,1,1,2,0.80126
1,3,1,1,2,0.6921
1,3,1,1,2,0.67455
1,3,1,1,2,0.80126
1,3,1,1,2,0.6921
1,3,1,2,1,0.79994
1,3,1,2,1,0.76004
1,3,1,2,1,0.76461
1,3,1,2,1,0.79994
1,3,1,2,1,0.76004
1,3,1,2,1,0.76461
1,3,1,2,2,0.81096
1,3,1,2,2,0.81814
1,3,1,2,2,0.77296
1,3,1,2,2,0.81096
1,3,1,2,2,0.81814
1,3,1,2,2,0.77296
1,3,1,3,1,0.79953
1,3,1,3,1,0.84931
1,3,1,3,1,0.88616
1,3,1,3,1,0.79953
1,3,1,3,1,0.84931
1,3,1,3,1,0.88616
1,3,1,3,2,0.96649
1,3,1,3,2,0.8989
1,3,1,3,2,0.97185
1,3,1,3,2,0.96649
1,3,1,3,2,0.8989
1,3,1,3,2,0.97185
1,3,4,1,1,0.74913
1,3,4,1,1,0.85811
1,3,4,1,1,0.84955
1,3,4,1,1,0.74913
1,3,4,1,1,0.85811
1,3,4,1,1,0.84955
1,3,4,1,2,0.71007
1,3,4,1,2,0.73754
1,3,4,1,2,0.85748
1,3,4,1,2,0.71007
1,3,4,1,2,0.73754
1,3,4,1,2,0.85748
1,3,4,2,1,0.78295
1,3,4,2,1,0.75348
1,3,4,2,1,0.81605
1,3,4,2,1,0.78295
1,3,4,2,1,0.75348
1,3,4,2,1,0.81605
1,3,4,2,2,0.85877
1,3,4,2,2,0.77853
1,3,4,2,2,0.89045
1,3,4,2,2,0.85877
1,3,4,2,2,0.77853
1,3,4,2,2,0.89045
1,3,4,3,1,0.8507
1,3,4,3,1,0.93987
1,3,4,3,1,0.83893
1,3,4,3,1,0.8507
1,3,4,3,1,0.93987
1,3,4,3,1,0.83893
1,3,4,3,2,0.8805
1,3,4,3,2,0.87136
1,3,4,3,2,0.88843
1,3,4,3,2,0.8805
1,3,4,3,2,0.87136
1,3,4,3,2,0.88843
1,3,7,1,1,0.81248
1,3,7,1,1,0.7559
1,3,7,1,1,0.73687
1,3,7,1,1,0.81248
1,3,7,1,1,0.7559
1,3,7,1,1,0.73687
1,3,7,1,2,0.80915
1,3,7,1,2,0.74579
1,3,7,1,2,0.77908
1,3,7,1,2,0.80915
1,3,7,1,2,0.74579
1,3,7,1,2,0.77908
1,3,7,2,1,0.75489
1,3,7,2,1,0.74971
1,3,7,2,1,0.73124
1,3,7,2,1,0.75489
1,3,7,2,1,0.74971
1,3,7,2,1,0.73124
1,3,7,2,2,0.78942
1,3,7,2,2,0.85962
1,3,7,2,2,0.85522
1,3,7,2,2,0.78942
1,3,7,2,2,0.85962
1,3,7,2,2,0.85522
1,3,7,3,1,0.86217
1,3,7,3,1,0.74211
1,3,7,3,1,0.72802
1,3,7,3,1,0.86217
1,3,7,3,1,0.74211
1,3,7,3,1,0.72802
1,3,7,3,2,0.8486
1,3,7,3,2,0.84932
1,3,7,3,2,0.93365
1,3,7,3,2,0.8486
1,3,7,3,2,0.84932
1,3,7,3,2,0.93365
1,6,1,1,1,0.83225
1,6,1,1,1,0.86651
1,6,1,1,1,0.83964
1,6,1,1,1,0.83225
1,6,1,1,1,0.86651
1,6,1,1,1,0.83964
1,6,1,1,2,0.89471
1,6,1,1,2,0.81961
1,6,1,1,2,0.79856
1,6,1,1,2,0.89471
1,6,1,1,2,0.81961
1,6,1,1,2,0.79856
1,6,1,2,1,0.92514
1,6,1,2,1,0.88646
1,6,1,2,1,0.91516
1,6,1,2,1,0.92514
1,6,1,2,1,0.88646
1,6,1,2,1,0.91516
1,6,1,2,2,0.83877
1,6,1,2,2,0.89633
1,6,1,2,2,0.80391
1,6,1,2,2,0.83877
1,6,1,2,2,0.89633
1,6,1,2,2,0.80391
1,6,1,3,1,0.92414
1,6,1,3,1,0.85326
1,6,1,3,1,0.85484
1,6,1,3,1,0.92414
1,6,1,3,1,0.85326
1,6,1,3,1,0.85484
1,6,1,3,2,0.8717
1,6,1,3,2,0.90172
1,6,1,3,2,0.91281
1,6,1,3,2,0.8717
1,6,1,3,2,0.90172
1,6,1,3,2,0.91281
1,6,4,1,1,0.83576
1,6,4,1,1,0.78233
1,6,4,1,1,0.84782
1,6,4,1,1,0.83576
1,6,4,1,1,0.78233
1,6,4,1,1,0.84782
1,6,4,1,2,0.8421
1,6,4,1,2,0.91629
1,6,4,1,2,0.88768
1,6,4,1,2,0.8421
1,6,4,1,2,0.91629
1,6,4,1,2,0.88768
1,6,4,2,1,0.91712
1,6,4,2,1,0.81581
1,6,4,2,1,0.8929
1,6,4,2,1,0.91712
1,6,4,2,1,0.81581
1,6,4,2,1,0.8929
1,6,4,2,2,0.91566
1,6,4,2,2,0.78427
1,6,4,2,2,0.82556
1,6,4,2,2,0.91566
1,6,4,2,2,0.78427
1,6,4,2,2,0.82556
1,6,4,3,1,0.86659
1,6,4,3,1,0.84345
1,6,4,3,1,0.88656
1,6,4,3,1,0.86659
1,6,4,3,1,0.84345
1,6,4,3,1,0.88656
1,6,4,3,2,0.84571
1,6,4,3,2,0.94284
1,6,4,3,2,0.94264
1,6,4,3,2,0.84571
1,6,4,3,2,0.94284
1,6,4,3,2,0.94264
1,6,7,1,1,0.7385
1,6,7,1,1,0.73369
1,6,7,1,1,0.80358
1,6,7,1,1,0.7385
1,6,7,1,1,0.73369
1,6,7,1,1,0.80358
1,6,7,1,2,0.72464
1,6,7,1,2,0.83891
1,6,7,1,2,0.84626
1,6,7,1,2,0.72464
1,6,7,1,2,0.83891
1,6,7,1,2,0.84626
1,6,7,2,1,0.80896
1,6,7,2,1,0.7994
1,6,7,2,1,0.89347
1,6,7,2,1,0.80896
1,6,7,2,1,0.7994
1,6,7,2,1,0.89347
1,6,7,2,2,0.81315
1,6,7,2,2,0.86807
1,6,7,2,2,0.78239
1,6,7,2,2,0.81315
1,6,7,2,2,0.86807
1,6,7,2,2,0.78239
1,6,7,3,1,0.83082
1,6,7,3,1,0.76546
1,6,7,3,1,0.77785
1,6,7,3,1,0.83082
1,6,7,3,1,0.76546
1,6,7,3,1,0.77785
1,6,7,3,2,0.95444
1,6,7,3,2,0.94312
1,6,7,3,2,0.89567
1,6,7,3,2,0.95444
1,6,7,3,2,0.94312
1,6,7,3,2,0.89567
1,8,1,1,1,0.72671
1,8,1,1,1,0.92786
1,8,1,1,1,0.80289
1,8,1,1,1,0.72671
1,8,1,1,1,0.92786
1,8,1,1,1,0.80289
1,8,1,1,2,0.76635
1,8,1,1,2,0.85411
1,8,1,1,2,0.81549
1,8,1,1,2,0.76635
1,8,1,1,2,0.85411
1,8,1,1,2,0.81549
1,8,1,2,1,0.76169
1,8,1,2,1,0.83903
1,8,1,2,1,0.79121
1,8,1,2,1,0.76169
1,8,1,2,1,0.83903
1,8,1,2,1,0.79121
1,8,1,2,2,0.71977
1,8,1,2,2,0.89405
1,8,1,2,2,0.89389
1,8,1,2,2,0.71977
1,8,1,2,2,0.89405
1,8,1,2,2,0.89389
1,8,1,3,1,0.80696
1,8,1,3,1,0.75371
1,8,1,3,1,0.80334
1,8,1,3,1,0.80696
1,8,1,3,1,0.75371
1,8,1,3,1,0.80334
1,8,1,3,2,0.90027
1,8,1,3,2,0.90773
1,8,1,3,2,0.94303
1,8,1,3,2,0.90027
1,8,1,3,2,0.90773
1,8,1,3,2,0.94303
1,8,4,1,1,0.72761
1,8,4,1,1,0.70957
1,8,4,1,1,0.80478
1,8,4,1,1,0.72761
1,8,4,1,1,0.70957
1,8,4,1,1,0.80478
1,8,4,1,2,0.77092
1,8,4,1,2,0.74944
1,8,4,1,2,0.86441
1,8,4,1,2,0.77092
1,8,4,1,2,0.74944
1,8,4,1,2,0.86441
1,8,4,2,1,0.86109
1,8,4,2,1,0.83995
1,8,4,2,1,0.78312
1,8,4,2,1,0.86109
1,8,4,2,1,0.83995
1,8,4,2,1,0.78312
1,8,4,2,2,0.95348
1,8,4,2,2,0.89868
1,8,4,2,2,0.90804
1,8,4,2,2,0.95348
1,8,4,2,2,0.89868
1,8,4,2,2,0.90804
1,8,4,3,1,0.81996
1,8,4,3,1,0.75683
1,8,4,3,1,0.79735
1,8,4,3,1,0.81996
1,8,4,3,1,0.75683
1,8,4,3,1,0.79735
1,8,4,3,2,0.96481
1,8,4,3,2,0.91872
1,8,4,3,2,0.9081
1,8,4,3,2,0.96481
1,8,4,3,2,0.91872
1,8,4,3,2,0.9081
1,8,7,1,1,0.7684
1,8,7,1,1,0.84102
1,8,7,1,1,0.80589
1,8,7,1,1,0.7684
1,8,7,1,1,0.84102
1,8,7,1,1,0.80589
1,8,7,1,2,0.78576
1,8,7,1,2,0.75688
1,8,7,1,2,0.81082
1,8,7,1,2,0.78576
1,8,7,1,2,0.75688
1,8,7,1,2,0.81082
1,8,7,2,1,0.83648
1,8,7,2,1,0.73563
1,8,7,2,1,0.81213
1,8,7,2,1,0.83648
1,8,7,2,1,0.73563
1,8,7,2,1,0.81213
1,8,7,2,2,0.81921
1,8,7,2,2,0.87004
1,8,7,2,2,0.86762
1,8,7,2,2,0.81921
1,8,7,2,2,0.87004
1,8,7,2,2,0.86762
1,8,7,3,1,0.80283
1,8,7,3,1,0.83695
1,8,7,3,1,0.76045
1,8,7,3,1,0.80283
1,8,7,3,1,0.83695
1,8,7,3,1,0.76045
1,8,7,3,2,0.86187
1,8,7,3,2,0.94256
1,8,7,3,2,0.88709
1,8,7,3,2,0.86187
1,8,7,3,2,0.94256
1,8,7,3,2,0.88709
1,9,1,1,1,0.82697
1,9,1,1,1,0.86117
1,9,1,1,1,0.78765
1,9,1,1,1,0.82697
1,9,1,1,1,0.86117
1,9,1,1,1,0.78765
1,9,1,1,2,0.83413
1,9,1,1,2,0.83209
1,9,1,1,2,0.90937
1,9,1,1,2,0.83413
1,9,1,1,2,0.83209
1,9,1,1,2,0.90937
1,9,1,2,1,0.90882
1,9,1,2,1,0.79596
1,9,1,2,1,0.85344
1,9,1,2,1,0.90882
1,9,1,2,1,0.79596
1,9,1,2,1,0.85344
1,9,1,2,2,0.86473
1,9,1,2,2,0.80337
1,9,1,2,2,0.87105
1,9,1,2,2,0.86473
1,9,1,2,2,0.80337
1,9,1,2,2,0.87105
1,9,1,3,1,0.83242
1,9,1,3,1,0.94532
1,9,1,3,1,0.95055
1,9,1,3,1,0.83242
1,9,1,3,1,0.94532
1,9,1,3,1,0.95055
1,9,1,3,2,0.94932
1,9,1,3,2,0.90602
1,9,1,3,2,0.90027
1,9,1,3,2,0.94932
1,9,1,3,2,0.90602
1,9,1,3,2,0.90027
1,9,4,1,1,0.81215
1,9,4,1,1,0.78377
1,9,4,1,1,0.80929
1,9,4,1,1,0.81215
1,9,4,1,1,0.78377
1,9,4,1,1,0.80929
1,9,4,1,2,0.79857
1,9,4,1,2,0.91655
1,9,4,1,2,0.8467
1,9,4,1,2,0.79857
1,9,4,1,2,0.91655
1,9,4,1,2,0.8467
1,9,4,2,1,0.92902
1,9,4,2,1,0.85024
1,9,4,2,1,0.85304
1,9,4,2,1,0.92902
1,9,4,2,1,0.85024
1,9,4,2,1,0.85304
1,9,4,2,2,0.89529
1,9,4,2,2,0.84861
1,9,4,2,2,0.8405
1,9,4,2,2,0.89529
1,9,4,2,2,0.84861
1,9,4,2,2,0.8405
1,9,4,3,1,0.94906
1,9,4,3,1,0.85153
1,9,4,3,1,0.94719
1,9,4,3,1,0.94906
1,9,4,3,1,0.85153
1,9,4,3,1,0.94719
1,9,4,3,2,0.9425
1,9,4,3,2,0.88747
1,9,4,3,2,0.94792
1,9,4,3,2,0.9425
1,9,4,3,2,0.88747
1,9,4,3,2,0.94792
1,9,7,1,1,0.85954
1,9,7,1,1,0.78801
1,9,7,1,1,0.81992
1,9,7,1,1,0.85954
1,9,7,1,1,0.78801
1,9,7,1,1,0.81992
1,9,7,1,2,0.90341
1,9,7,1,2,0.73179
1,9,7,1,2,0.79683
1,9,7,1,2,0.90341
1,9,7,1,2,0.73179
1,9,7,1,2,0.79683
1,9,7,2,1,0.91107
1,9,7,2,1,0.7772
1,9,7,2,1,0.85028
1,9,7,2,1,0.91107
1,9,7,2,1,0.7772
1,9,7,2,1,0.85028
1,9,7,2,2,0.91895
1,9,7,2,2,0.8868
1,9,7,2,2,0.88217
1,9,7,2,2,0.91895
1,9,7,2,2,0.8868
1,9,7,2,2,0.88217
1,9,7,3,1,0.80852
1,9,7,3,1,0.80779
1,9,7,3,1,0.90946
1,9,7,3,1,0.80852
1,9,7,3,1,0.80779
1,9,7,3,1,0.90946
1,9,7,3,2,0.86764
1,9,7,3,2,0.91325
1,9,7,3,2,0.89334
1,9,7,3,2,0.86764
1,9,7,3,2,0.91325
1,9,7,3,2,0.89334
2,1,1,1,1,0.75248
2,1,1,1,1,0.73813
2,1,1,1,1,0.80434
2,1,1,1,1,0.75248
2,1,1,1,1,0.73813
2,1,1,1,1,0.80434
2,1,1,1,2,0.71974
2,1,1,1,2,0.74976
2,1,1,1,2,0.68827
2,1,1,1,2,0.71974
2,1,1,1,2,0.74976
2,1,1,1,2,0.68827
2,1,1,2,1,0.92775
2,1,1,2,1,0.81136
2,1,1,2,1,0.86305
2,1,1,2,1,0.92775
2,1,1,2,1,0.81136
2,1,1,2,1,0.86305
2,1,1,2,2,0.90882
2,1,1,2,2,0.88002
2,1,1,2,2,0.93664
2,1,1,2,2,0.90882
2,1,1,2,2,0.88002
2,1,1,2,2,0.93664
2,1,1,3,1,0.83256
2,1,1,3,1,0.92408
2,1,1,3,1,0.80623
2,1,1,3,1,0.83256
2,1,1,3,1,0.92408
2,1,1,3,1,0.80623
2,1,1,3,2,0.90607
2,1,1,3,2,0.95029
2,1,1,3,2,0.87016
2,1,1,3,2,0.90607
2,1,1,3,2,0.95029
2,1,1,3,2,0.87016
2,1,4,1,1,0.63008
2,1,4,1,1,0.68359
2,1,4,1,1,0.76834
2,1,4,1,1,0.63008
2,1,4,1,1,0.68359
2,1,4,1,1,0.76834
2,1,4,1,2,0.8323
2,1,4,1,2,0.79097
2,1,4,1,2,0.80644
2,1,4,1,2,0.8323
2,1,4,1,2,0.79097
2,1,4,1,2,0.80644
2,1,4,2,1,0.81967
2,1,4,2,1,0.73891
2,1,4,2,1,0.76054
2,1,4,2,1,0.81967
2,1,4,2,1,0.73891
2,1,4,2,1,0.76054
2,1,4,2,2,0.82828
2,1,4,2,2,0.85073
2,1,4,2,2,0.79676
2,1,4,2,2,0.82828
2,1,4,2,2,0.85073
2,1,4,2,2,0.79676
2,1,4,3,1,0.94914
2,1,4,3,1,0.95864
2,1,4,3,1,0.93607
2,1,4,3,1,0.94914
2,1,4,3,1,0.95864
2,1,4,3,1,0.93607
2,1,4,3,2,0.92614
2,1,4,3,2,0.8865
2,1,4,3,2,0.88278
2,1,4,3,2,0.92614
2,1,4,3,2,0.8865
2,1,4,3,2,0.88278
2,1,7,1,1,0.79608
2,1,7,1,1,0.83749
2,1,7,1,1,0.88655
2,1,7,1,1,0.79608
2,1,7,1,1,0.83749
2,1,7,1,1,0.88655
2,1,7,1,2,0.8568
2,1,7,1,2,0.94579
2,1,7,1,2,0.91339
2,1,7,1,2,0.8568
2,1,7,1,2,0.94579
2,1,7,1,2,0.91339
2,1,7,2,1,0.71872
2,1,7,2,1,0.85197
2,1,7,2,1,0.96282
2,1,7,2,1,0.71872
2,1,7,2,1,0.85197
2,1,7,2,1,0.96282
2,1,7,2,2,0.84534
2,1,7,2,2,0.95955
2,1,7,2,2,0.86537
2,1,7,2,2,0.84534
2,1,7,2,2,0.95955
2,1,7,2,2,0.86537
2,1,7,3,1,0.85259
2,1,7,3,1,0.90402
2,1,7,3,1,0.91095
2,1,7,3,1,0.85259
2,1,7,3,1,0.90402
2,1,7,3,1,0.91095
2,1,7,3,2,0.96689
2,1,7,3,2,0.9321
2,1,7,3,2,0.99231
2,1,7,3,2,0.96689
2,1,7,3,2,0.9321
2,1,7,3,2,0.99231
2,4,1,1,1,0.79045
2,4,1,1,1,0.92328
2,4,1,1,1,0.87938
2,4,1,1,1,0.79045
2,4,1,1,1,0.92328
2,4,1,1,1,0.87938
2,4,1,1,2,0.92262
2,4,1,1,2,0.82416
2,4,1,1,2,0.9363
2,4,1,1,2,0.92262
2,4,1,1,2,0.82416
2,4,1,1,2,0.9363
2,4,1,2,1,0.93175
2,4,1,2,1,0.99662
2,4,1,2,1,0.79061
2,4,1,2,1,0.93175
2,4,1,2,1,0.99662
2,4,1,2,1,0.79061
2,4,1,2,2,0.80551
2,4,1,2,2,0.7848
2,4,1,2,2,0.90919
2,4,1,2,2,0.80551
2,4,1,2,2,0.7848
2,4,1,2,2,0.90919
2,4,1,3,1,0.87604
2,4,1,3,1,0.98531
2,4,1,3,1,0.93746
2,4,1,3,1,0.87604
2,4,1,3,1,0.98531
2,4,1,3,1,0.93746
2,4,1,3,2,0.88182
2,4,1,3,2,0.82784
2,4,1,3,2,0.94627
2,4,1,3,2,0.88182
2,4,1,3,2,0.82784
2,4,1,3,2,0.94627
2,4,4,1,1,0.81756
2,4,4,1,1,0.77841
2,4,4,1,1,0.93991
2,4,4,1,1,0.81756
2,4,4,1,1,0.77841
2,4,4,1,1,0.93991
2,4,4,1,2,0.74347
2,4,4,1,2,0.89174
2,4,4,1,2,0.82298
2,4,4,1,2,0.74347
2,4,4,1,2,0.89174
2,4,4,1,2,0.82298
2,4,4,2,1,0.83533
2,4,4,2,1,0.89341
2,4,4,2,1,0.90379
2,4,4,2,1,0.83533
2,4,4,2,1,0.89341
2,4,4,2,1,0.90379
2,4,4,2,2,0.96044
2,4,4,2,2,0.93104
2,4,4,2,2,0.7854
2,4,4,2,2,0.96044
2,4,4,2,2,0.93104
2,4,4,2,2,0.7854
2,4,4,3,1,0.90181
2,4,4,3,1,0.90807
2,4,4,3,1,0.9412
2,4,4,3,1,0.90181
2,4,4,3,1,0.90807
2,4,4,3,1,0.9412
2,4,4,3,2,0.86372
2,4,4,3,2,0.87386
2,4,4,3,2,0.82992
2,4,4,3,2,0.86372
2,4,4,3,2,0.87386
2,4,4,3,2,0.82992
2,4,7,1,1,0.87871
2,4,7,1,1,0.92372
2,4,7,1,1,0.93806
2,4,7,1,1,0.87871
2,4,7,1,1,0.92372
2,4,7,1,1,0.93806
2,4,7,1,2,0.97351
2,4,7,1,2,0.88733
2,4,7,1,2,0.97213
2,4,7,1,2,0.97351
2,4,7,1,2,0.88733
2,4,7,1,2,0.97213
2,4,7,2,1,0.94684
2,4,7,2,1,0.96646
2,4,7,2,1,0.81713
2,4,7,2,1,0.94684
2,4,7,2,1,0.96646
2,4,7,2,1,0.81713
2,4,7,2,2,0.82302
2,4,7,2,2,0.92877
2,4,7,2,2,0.90613
2,4,7,2,2,0.82302
2,4,7,2,2,0.92877
2,4,7,2,2,0.90613
2,4,7,3,1,0.94178
2,4,7,3,1,0.90712
2,4,7,3,1,0.93937
2,4,7,3,1,0.94178
2,4,7,3,1,0.90712
2,4,7,3,1,0.93937
2,4,7,3,2,0.90838
2,4,7,3,2,0.81897
2,4,7,3,2,0.90107
2,4,7,3,2,0.90838
2,4,7,3,2,0.81897
2,4,7,3,2,0.90107
2,5,1,1,1,0.76838
2,5,1,1,1,0.82809
2,5,1,1,1,0.95827
2,5,1,1,1,0.76838
2,5,1,1,1,0.82809
2,5,1,1,1,0.95827
2,5,1,1,2,0.8866
2,5,1,1,2,0.83104
2,5,1,1,2,0.74101
2,5,1,1,2,0.8866
2,5,1,1,2,0.83104
2,5,1,1,2,0.74101
2,5,1,2,1,0.83927
2,5,1,2,1,0.87631
2,5,1,2,1,0.92046
2,5,1,2,1,0.83927
2,5,1,2,1,0.87631
2,5,1,2,1,0.92046
2,5,1,2,2,0.84782
2,5,1,2,2,0.89479
2,5,1,2,2,0.77651
2,5,1,2,2,0.84782
2,5,1,2,2,0.89479
2,5,1,2,2,0.77651
2,5,1,3,1,0.86647
2,5,1,3,1,0.87077
2,5,1,3,1,0.81224
2,5,1,3,1,0.86647
2,5,1,3,1,0.87077
2,5,1,3,1,0.81224
2,5,1,3,2,0.87332
2,5,1,3,2,0.89109
2,5,1,3,2,0.84014
2,5,1,3,2,0.87332
2,5,1,3,2,0.89109
2,5,1,3,2,0.84014
2,5,4,1,1,0.7711
2,5,4,1,1,0.86436
2,5,4,1,1,0.80014
2,5,4,1,1,0.7711
2,5,4,1,1,0.86436
2,5,4,1,1,0.80014
2,5,4,1,2,0.80997
2,5,4,1,2,0.81846
2,5,4,1,2,0.82012
2,5,4,1,2,0.80997
2,5,4,1,2,0.81846
2,5,4,1,2,0.82012
2,5,4,2,1,0.86075
2,5,4,2,1,0.89428
2,5,4,2,1,0.85726
2,5,4,2,1,0.86075
2,5,4,2,1,0.89428
2,5,4,2,1,0.85726
2,5,4,2,2,0.86774
2,5,4,2,2,0.85028
2,5,4,2,2,0.76146
2,5,4,2,2,0.86774
2,5,4,2,2,0.85028
2,5,4,2,2,0.76146
2,5,4,3,1,0.91044
2,5,4,3,1,0.88489
2,5,4,3,1,0.87606
2,5,4,3,1,0.91044
2,5,4,3,1,0.88489
2,5,4,3,1,0.87606
2,5,4,3,2,0.84422
2,5,4,3,2,0.92485
2,5,4,3,2,0.86217
2,5,4,3,2,0.84422
2,5,4,3,2,0.92485
2,5,4,3,2,0.86217
2,5,7,1,1,0.82055
2,5,7,1,1,0.6717
2,5,7,1,1,0.77035
2,5,7,1,1,0.82055
2,5,7,1,1,0.6717
2,5,7,1,1,0.77035
2,5,7,1,2,0.85063
2,5,7,1,2,0.8958
2,5,7,1,2,0.84615
2,5,7,1,2,0.85063
2,5,7,1,2,0.8958
2,5,7,1,2,0.84615
2,5,7,2,1,0.91094
2,5,7,2,1,0.87026
2,5,7,2,1,0.84284
2,5,7,2,1,0.91094
2,5,7,2,1,0.87026
2,5,7,2,1,0.84284
2,5,7,2,2,0.86185
2,5,7,2,2,0.94507
2,5,7,2,2,0.92369
2,5,7,2,2,0.86185
2,5,7,2,2,0.94507
2,5,7,2,2,0.92369
2,5,7,3,1,0.92618
2,5,7,3,1,0.95966
2,5,7,3,1,0.90633
2,5,7,3,1,0.92618
2,5,7,3,1,0.95966
2,5,7,3,1,0.90633
2,5,7,3,2,0.89126
2,5,7,3,2,0.90918
2,5,7,3,2,0.86695
2,5,7,3,2,0.89126
2,5,7,3,2,0.90918
2,5,7,3,2,0.86695
2,7,1,1,1,0.87217
2,7,1,1,1,0.89177
2,7,1,1,1,0.74372
2,7,1,1,1,0.87217
2,7,1,1,1,0.89177
2,7,1,1,1,0.74372
2,7,1,1,2,0.67691
2,7,1,1,2,0.80235
2,7,1,1,2,0.85753
2,7,1,1,2,0.67691
2,7,1,1,2,0.80235
2,7,1,1,2,0.85753
2,7,1,2,1,0.88774
2,7,1,2,1,0.84213
2,7,1,2,1,0.80461
2,7,1,2,1,0.88774
2,7,1,2,1,0.84213
2,7,1,2,1,0.80461
2,7,1,2,2,0.88174
2,7,1,2,2,0.90317
2,7,1,2,2,0.9028
2,7,1,2,2,0.88174
2,7,1,2,2,0.90317
2,7,1,2,2,0.9028
2,7,1,3,1,0.86854
2,7,1,3,1,0.87376
2,7,1,3,1,0.82313
2,7,1,3,1,0.86854
2,7,1,3,1,0.87376
2,7,1,3,1,0.82313
2,7,1,3,2,0.92248
2,7,1,3,2,0.89157
2,7,1,3,2,0.9153
2,7,1,3,2,0.92248
2,7,1,3,2,0.89157
2,7,1,3,2,0.9153
2,7,4,1,1,0.73159
2,7,4,1,1,0.83414
2,7,4,1,1,0.84288
2,7,4,1,1,0.73159
2,7,4,1,1,0.83414
2,7,4,1,1,0.84288
2,7,4,1,2,0.77885
2,7,4,1,2,0.73489
2,7,4,1,2,0.75218
2,7,4,1,2,0.77885
2,7,4,1,2,0.73489
2,7,4,1,2,0.75218
2,7,4,2,1,0.84584
2,7,4,2,1,0.77578
2,7,4,2,1,0.86358
2,7,4,2,1,0.84584
2,7,4,2,1,0.77578
2,7,4,2,1,0.86358
2,7,4,2,2,0.87416
2,7,4,2,2,0.94263
2,7,4,2,2,0.85311
2,7,4,2,2,0.87416
2,7,4,2,2,0.94263
2,7,4,2,2,0.85311
2,7,4,3,1,0.87464
2,7,4,3,1,0.96525
2,7,4,3,1,0.88205
2,7,4,3,1,0.87464
2,7,4,3,1,0.96525
2,7,4,3,1,0.88205
2,7,4,3,2,0.87386
2,7,4,3,2,0.95338
2,7,4,3,2,0.94583
2,7,4,3,2,0.87386
2,7,4,3,2,0.95338
2,7,4,3,2,0.94583
2,7,7,1,1,0.70914
2,7,7,1,1,0.83547
2,7,7,1,1,0.77042
2,7,7,1,1,0.70914
2,7,7,1,1,0.83547
2,7,7,1,1,0.77042
2,7,7,1,2,0.79678
2,7,7,1,2,0.80858
2,7,7,1,2,0.7614
2,7,7,1,2,0.79678
2,7,7,1,2,0.80858
2,7,7,1,2,0.7614
2,7,7,2,1,0.9165
2,7,7,2,1,0.91461
2,7,7,2,1,0.87869
2,7,7,2,1,0.9165
2,7,7,2,1,0.91461
2,7,7,2,1,0.87869
2,7,7,2,2,0.84167
2,7,7,2,2,0.97075
2,7,7,2,2,0.9549
2,7,7,2,2,0.84167
2,7,7,2,2,0.97075
2,7,7,2,2,0.9549
2,7,7,3,1,0.83523
2,7,7,3,1,0.85511
2,7,7,3,1,0.79977
2,7,7,3,1,0.83523
2,7,7,3,1,0.85511
2,7,7,3,1,0.79977
2,7,7,3,2,0.91788
2,7,7,3,2,0.91978
2,7,7,3,2,0.9597
2,7,7,3,2,0.91788
2,7,7,3,2,0.91978
2,7,7,3,2,0.9597
2,10,1,1,1,0.73836
2,10,1,1,1,0.78802
2,10,1,1,1,0.82298
2,10,1,1,1,0.73836
2,10,1,1,1,0.78802
2,10,1,1,1,0.82298
2,10,1,1,2,0.9898
2,10,1,1,2,0.95844
2,10,1,1,2,0.86703
2,10,1,1,2,0.9898
2,10,1,1,2,0.95844
2,10,1,1,2,0.86703
2,10,1,2,1,0.95678
2,10,1,2,1,0.85751
2,10,1,2,1,0.86326
2,10,1,2,1,0.95678
2,10,1,2,1,0.85751
2,10,1,2,1,0.86326
2,10,1,2,2,0.89761
2,10,1,2,2,0.93228
2,10,1,2,2,0.91795
2,10,1,2,2,0.89761
2,10,1,2,2,0.93228
2,10,1,2,2,0.91795
2,10,1,3,1,0.87592
2,10,1,3,1,0.96688
2,10,1,3,1,0.95678
2,10,1,3,1,0.87592
2,10,1,3,1,0.96688
2,10,1,3,1,0.95678
2,10,1,3,2,0.95012
2,10,1,3,2,0.93012
2,10,1,3,2,0.95206
2,10,1,3,2,0.95012
2,10,1,3,2,0.93012
2,10,1,3,2,0.95206
2,10,4,1,1,0.72215
2,10,4,1,1,0.75196
2,10,4,1,1,0.79004
2,10,4,1,1,0.72215
2,10,4,1,1,0.75196
2,10,4,1,1,0.79004
2,10,4,1,2,0.8657
2,10,4,1,2,0.81585
2,10,4,1,2,0.90301
2,10,4,1,2,0.8657
2,10,4,1,2,0.81585
2,10,4,1,2,0.90301
2,10,4,2,1,0.92874
2,10,4,2,1,0.82714
2,10,4,2,1,0.89898
2,10,4,2,1,0.92874
2,10,4,2,1,0.82714
2,10,4,2,1,0.89898
2,10,4,2,2,0.93553
2,10,4,2,2,0.85815
2,10,4,2,2,0.88539
2,10,4,2,2,0.93553
2,10,4,2,2,0.85815
2,10,4,2,2,0.88539
2,10,4,3,1,0.87399
2,10,4,3,1,0.85473
2,10,4,3,1,0.91341
2,10,4,3,1,0.87399
2,10,4,3,1,0.85473
2,10,4,3,1,0.91341
2,10,4,3,2,0.8928
2,10,4,3,2,0.90563
2,10,4,3,2,0.90349
2,10,4,3,2,0.8928
2,10,4,3,2,0.90563
2,10,4,3,2,0.90349
2,10,7,1,1,0.79469
2,10,7,1,1,0.87603
2,10,7,1,1,0.70311
2,10,7,1,1,0.79469
2,10,7,1,1,0.87603
2,10,7,1,1,0.70311
2,10,7,1,2,0.77937
2,10,7,1,2,0.82882
2,10,7,1,2,0.82173
2,10,7,1,2,0.77937
2,10,7,1,2,0.82882
2,10,7,1,2,0.82173
2,10,7,2,1,0.74363
2,10,7,2,1,0.82828
2,10,7,2,1,0.8805
2,10,7,2,1,0.74363
2,10,7,2,1,0.82828
2,10,7,2,1,0.8805
2,10,7,2,2,0.85706
2,10,7,2,2,0.78461
2,10,7,2,2,0.80891
2,10,7,2,2,0.85706
2,10,7,2,2,0.78461
2,10,7,2,2,0.80891
2,10,7,3,1,0.86915
2,10,7,3,1,0.80404
2,10,7,3,1,0.94624
2,10,7,3,1,0.86915
2,10,7,3,1,0.80404
2,10,7,3,1,0.94624
2,10,7,3,2,0.93638
2,10,7,3,2,0.92118
2,10,7,3,2,0.89983
2,10,7,3,2,0.93638
2,10,7,3,2,0.92118
2,10,7,3,2,0.89983
