grp , pp , S , IDR , IDL , q1L
1,2,1,1,1,1.0204
1,2,1,1,1,1.1085
1,2,1,1,1,1.0374
1,2,1,1,1,1.0204
1,2,1,1,1,1.1085
1,2,1,1,1,1.0374
1,2,1,1,2,0.97103
1,2,1,1,2,1.0275
1,2,1,1,2,0.99136
1,2,1,1,2,0.97103
1,2,1,1,2,1.0275
1,2,1,1,2,0.99136
1,2,1,2,1,1.0068
1,2,1,2,1,1.015
1,2,1,2,1,0.96969
1,2,1,2,1,1.0068
1,2,1,2,1,1.015
1,2,1,2,1,0.96969
1,2,1,2,2,1.0178
1,2,1,2,2,0.96535
1,2,1,2,2,0.95555
1,2,1,2,2,1.0178
1,2,1,2,2,0.96535
1,2,1,2,2,0.95555
1,2,1,3,1,0.95974
1,2,1,3,1,1.0269
1,2,1,3,1,0.98236
1,2,1,3,1,0.95974
1,2,1,3,1,1.0269
1,2,1,3,1,0.98236
1,2,1,3,2,1.0339
1,2,1,3,2,1.0188
1,2,1,3,2,0.87424
1,2,1,3,2,1.0339
1,2,1,3,2,1.0188
1,2,1,3,2,0.87424
1,2,4,1,1,0.98766
1,2,4,1,1,0.96249
1,2,4,1,1,1.0754
1,2,4,1,1,0.98766
1,2,4,1,1,0.96249
1,2,4,1,1,1.0754
1,2,4,1,2,0.96522
1,2,4,1,2,1.1016
1,2,4,1,2,0.99966
1,2,4,1,2,0.96522
1,2,4,1,2,1.1016
1,2,4,1,2,0.99966
1,2,4,2,1,1.0621
1,2,4,2,1,1.0693
1,2,4,2,1,1.0511
1,2,4,2,1,1.0621
1,2,4,2,1,1.0693
1,2,4,2,1,1.0511
1,2,4,2,2,0.87752
1,2,4,2,2,0.89907
1,2,4,2,2,0.81478
1,2,4,2,2,0.87752
1,2,4,2,2,0.89907
1,2,4,2,2,0.81478
1,2,4,3,1,1.057
1,2,4,3,1,1.0055
1,2,4,3,1,0.97897
1,2,4,3,1,1.057
1,2,4,3,1,1.0055
1,2,4,3,1,0.97897
1,2,4,3,2,0.86331
1,2,4,3,2,0.91945
1,2,4,3,2,0.93366
1,2,4,3,2,0.86331
1,2,4,3,2,0.91945
1,2,4,3,2,0.93366
1,2,7,1,1,1.085
1,2,7,1,1,1.0487
1,2,7,1,1,1.0597
1,2,7,1,1,1.085
1,2,7,1,1,1.0487
1,2,7,1,1,1.0597
1,2,7,1,2,0.99294
1,2,7,1,2,1.014
1,2,7,1,2,1.1011
1,2,7,1,2,0.99294
1,2,7,1,2,1.014
1,2,7,1,2,1.1011
1,2,7,2,1,1.0898
1,2,7,2,1,1.0146
1,2,7,2,1,1.1635
1,2,7,2,1,1.0898
1,2,7,2,1,1.0146
1,2,7,2,1,1.1635
1,2,7,2,2,0.81866
1,2,7,2,2,0.80941
1,2,7,2,2,0.8549
1,2,7,2,2,0.81866
1,2,7,2,2,0.80941
1,2,7,2,2,0.8549
1,2,7,3,1,1.0041
1,2,7,3,1,1.0339
1,2,7,3,1,0.95691
1,2,7,3,1,1.0041
1,2,7,3,1,1.0339
1,2,7,3,1,0.95691
1,2,7,3,2,0.78973
1,2,7,3,2,0.85947
1,2,7,3,2,0.79828
1,2,7,3,2,0.78973
1,2,7,3,2,0.85947
1,2,7,3,2,0.79828
1,3,1,1,1,0.94866
1,3,1,1,1,1.0305
1,3,1,1,1,0.98449
1,3,1,1,1,0.94866
1,3,1,1,1,1.0305
1,3,1,1,1,0.98449
1,3,1,1,2,0.93843
1,3,1,1,2,0.99574
1,3,1,1,2,0.89059
1,3,1,1,2,0.93843
1,3,1,1,2,0.99574
1,3,1,1,2,0.89059
1,3,1,2,1,0.94283
1,3,1,2,1,0.97069
1,3,1,2,1,0.92681
1,3,1,2,1,0.94283
1,3,1,2,1,0.97069
1,3,1,2,1,0.92681
1,3,1,2,2,0.9659
1,3,1,2,2,1.0078
1,3,1,2,2,0.90122
1,3,1,2,2,0.9659
1,3,1,2,2,1.0078
1,3,1,2,2,0.90122
1,3,1,3,1,0.91737
1,3,1,3,1,1.0018
1,3,1,3,1,0.90203
1,3,1,3,1,0.91737
1,3,1,3,1,1.0018
1,3,1,3,1,0.90203
1,3,1,3,2,0.80157
1,3,1,3,2,0.8857
1,3,1,3,2,0.91457
1,3,1,3,2,0.80157
1,3,1,3,2,0.8857
1,3,1,3,2,0.91457
1,3,4,1,1,0.82892
1,3,4,1,1,1.0242
1,3,4,1,1,0.97018
1,3,4,1,1,0.82892
1,3,4,1,1,1.0242
1,3,4,1,1,0.97018
1,3,4,1,2,0.79547
1,3,4,1,2,0.85194
1,3,4,1,2,0.75851
1,3,4,1,2,0.79547
1,3,4,1,2,0.85194
1,3,4,1,2,0.75851
1,3,4,2,1,0.80613
1,3,4,2,1,0.77545
1,3,4,2,1,0.99152
1,3,4,2,1,0.80613
1,3,4,2,1,0.77545
1,3,4,2,1,0.99152
1,3,4,2,2,0.93614
1,3,4,2,2,0.87377
1,3,4,2,2,0.85958
1,3,4,2,2,0.93614
1,3,4,2,2,0.87377
1,3,4,2,2,0.85958
1,3,4,3,1,0.89505
1,3,4,3,1,0.91112
1,3,4,3,1,0.9562
1,3,4,3,1,0.89505
1,3,4,3,1,0.91112
1,3,4,3,1,0.9562
1,3,4,3,2,0.81817
1,3,4,3,2,0.82592
1,3,4,3,2,1.0029
1,3,4,3,2,0.81817
1,3,4,3,2,0.82592
1,3,4,3,2,1.0029
1,3,7,1,1,0.85161
1,3,7,1,1,0.81775
1,3,7,1,1,0.80042
1,3,7,1,1,0.85161
1,3,7,1,1,0.81775
1,3,7,1,1,0.80042
1,3,7,1,2,0.86459
1,3,7,1,2,0.84243
1,3,7,1,2,0.82948
1,3,7,1,2,0.86459
1,3,7,1,2,0.84243
1,3,7,1,2,0.82948
1,3,7,2,1,1.0055
1,3,7,2,1,0.79248
1,3,7,2,1,0.83078
1,3,7,2,1,1.0055
1,3,7,2,1,0.79248
1,3,7,2,1,0.83078
1,3,7,2,2,0.90046
1,3,7,2,2,0.77163
1,3,7,2,2,0.86833
1,3,7,2,2,0.90046
1,3,7,2,2,0.77163
1,3,7,2,2,0.86833
1,3,7,3,1,0.80032
1,3,7,3,1,0.7468
1,3,7,3,1,0.74466
1,3,7,3,1,0.80032
1,3,7,3,1,0.7468
1,3,7,3,1,0.74466
1,3,7,3,2,0.80325
1,3,7,3,2,0.82805
1,3,7,3,2,0.82578
1,3,7,3,2,0.80325
1,3,7,3,2,0.82805
1,3,7,3,2,0.82578
1,6,1,1,1,0.88853
1,6,1,1,1,0.9214
1,6,1,1,1,0.87957
1,6,1,1,1,0.88853
1,6,1,1,1,0.9214
1,6,1,1,1,0.87957
1,6,1,1,2,0.896
1,6,1,1,2,0.85029
1,6,1,1,2,0.9493
1,6,1,1,2,0.896
1,6,1,1,2,0.85029
1,6,1,1,2,0.9493
1,6,1,2,1,1.0464
1,6,1,2,1,0.89479
1,6,1,2,1,0.81915
1,6,1,2,1,1.0464
1,6,1,2,1,0.89479
1,6,1,2,1,0.81915
1,6,1,2,2,0.94193
1,6,1,2,2,0.94024
1,6,1,2,2,0.91623
1,6,1,2,2,0.94193
1,6,1,2,2,0.94024
1,6,1,2,2,0.91623
1,6,1,3,1,1.0118
1,6,1,3,1,0.78271
1,6,1,3,1,0.87182
1,6,1,3,1,1.0118
1,6,1,3,1,0.78271
1,6,1,3,1,0.87182
1,6,1,3,2,0.98141
1,6,1,3,2,0.84956
1,6,1,3,2,0.81531
1,6,1,3,2,0.98141
1,6,1,3,2,0.84956
1,6,1,3,2,0.81531
1,6,4,1,1,0.82306
1,6,4,1,1,1.0113
1,6,4,1,1,0.99594
1,6,4,1,1,0.82306
1,6,4,1,1,1.0113
1,6,4,1,1,0.99594
1,6,4,1,2,0.85211
1,6,4,1,2,0.9667
1,6,4,1,2,0.9278
1,6,4,1,2,0.85211
1,6,4,1,2,0.9667
1,6,4,1,2,0.9278
1,6,4,2,1,0.96328
1,6,4,2,1,0.9264
1,6,4,2,1,1.0226
1,6,4,2,1,0.96328
1,6,4,2,1,0.9264
1,6,4,2,1,1.0226
1,6,4,2,2,0.75151
1,6,4,2,2,0.93603
1,6,4,2,2,0.86494
1,6,4,2,2,0.75151
1,6,4,2,2,0.93603
1,6,4,2,2,0.86494
1,6,4,3,1,0.97344
1,6,4,3,1,0.9201
1,6,4,3,1,0.99012
1,6,4,3,1,0.97344
1,6,4,3,1,0.9201
1,6,4,3,1,0.99012
1,6,4,3,2,0.86729
1,6,4,3,2,0.94469
1,6,4,3,2,0.9592
1,6,4,3,2,0.86729
1,6,4,3,2,0.94469
1,6,4,3,2,0.9592
1,6,7,1,1,0.98933
1,6,7,1,1,0.95796
1,6,7,1,1,0.80358
1,6,7,1,1,0.98933
1,6,7,1,1,0.95796
1,6,7,1,1,0.80358
1,6,7,1,2,1.0218
1,6,7,1,2,0.80415
1,6,7,1,2,0.82394
1,6,7,1,2,1.0218
1,6,7,1,2,0.80415
1,6,7,1,2,0.82394
1,6,7,2,1,0.75311
1,6,7,2,1,0.89236
1,6,7,2,1,0.87771
1,6,7,2,1,0.75311
1,6,7,2,1,0.89236
1,6,7,2,1,0.87771
1,6,7,2,2,0.89481
1,6,7,2,2,0.9041
1,6,7,2,2,0.85347
1,6,7,2,2,0.89481
1,6,7,2,2,0.9041
1,6,7,2,2,0.85347
1,6,7,3,1,0.80865
1,6,7,3,1,0.91631
1,6,7,3,1,0.86141
1,6,7,3,1,0.80865
1,6,7,3,1,0.91631
1,6,7,3,1,0.86141
1,6,7,3,2,1.0376
1,6,7,3,2,0.91806
1,6,7,3,2,0.9697
1,6,7,3,2,1.0376
1,6,7,3,2,0.91806
1,6,7,3,2,0.9697
1,8,1,1,1,0.99695
1,8,1,1,1,0.97503
1,8,1,1,1,0.93429
1,8,1,1,1,0.99695
1,8,1,1,1,0.97503
1,8,1,1,1,0.93429
1,8,1,1,2,1.0303
1,8,1,1,2,1.0053
1,8,1,1,2,1.0191
1,8,1,1,2,1.0303
1,8,1,1,2,1.0053
1,8,1,1,2,1.0191
1,8,1,2,1,0.95205
1,8,1,2,1,0.95639
1,8,1,2,1,1.0663
1,8,1,2,1,0.95205
1,8,1,2,1,0.95639
1,8,1,2,1,1.0663
1,8,1,2,2,0.83068
1,8,1,2,2,1.0486
1,8,1,2,2,1.0121
1,8,1,2,2,0.83068
1,8,1,2,2,1.0486
1,8,1,2,2,1.0121
1,8,1,3,1,1.0409
1,8,1,3,1,0.96156
1,8,1,3,1,0.9925
1,8,1,3,1,1.0409
1,8,1,3,1,0.96156
1,8,1,3,1,0.9925
1,8,1,3,2,0.88757
1,8,1,3,2,0.95751
1,8,1,3,2,0.82806
1,8,1,3,2,0.88757
1,8,1,3,2,0.95751
1,8,1,3,2,0.82806
1,8,4,1,1,0.9439
1,8,4,1,1,0.97872
1,8,4,1,1,1.0244
1,8,4,1,1,0.9439
1,8,4,1,1,0.97872
1,8,4,1,1,1.0244
1,8,4,1,2,1.0602
1,8,4,1,2,0.95121
1,8,4,1,2,0.99194
1,8,4,1,2,1.0602
1,8,4,1,2,0.95121
1,8,4,1,2,0.99194
1,8,4,2,1,1.0174
1,8,4,2,1,1.0875
1,8,4,2,1,0.94902
1,8,4,2,1,1.0174
1,8,4,2,1,1.0875
1,8,4,2,1,0.94902
1,8,4,2,2,0.92898
1,8,4,2,2,0.93932
1,8,4,2,2,0.91431
1,8,4,2,2,0.92898
1,8,4,2,2,0.93932
1,8,4,2,2,0.91431
1,8,4,3,1,0.97798
1,8,4,3,1,0.98688
1,8,4,3,1,0.95702
1,8,4,3,1,0.97798
1,8,4,3,1,0.98688
1,8,4,3,1,0.95702
1,8,4,3,2,0.85253
1,8,4,3,2,0.93594
1,8,4,3,2,0.7585
1,8,4,3,2,0.85253
1,8,4,3,2,0.93594
1,8,4,3,2,0.7585
1,8,7,1,1,0.81878
1,8,7,1,1,1.0543
1,8,7,1,1,1.0315
1,8,7,1,1,0.81878
1,8,7,1,1,1.0543
1,8,7,1,1,1.0315
1,8,7,1,2,0.87221
1,8,7,1,2,0.90323
1,8,7,1,2,0.82133
1,8,7,1,2,0.87221
1,8,7,1,2,0.90323
1,8,7,1,2,0.82133
1,8,7,2,1,0.98416
1,8,7,2,1,0.90504
1,8,7,2,1,1.0378
1,8,7,2,1,0.98416
1,8,7,2,1,0.90504
1,8,7,2,1,1.0378
1,8,7,2,2,0.8415
1,8,7,2,2,0.75314
1,8,7,2,2,0.94567
1,8,7,2,2,0.8415
1,8,7,2,2,0.75314
1,8,7,2,2,0.94567
1,8,7,3,1,0.85127
1,8,7,3,1,1.0351
1,8,7,3,1,0.82928
1,8,7,3,1,0.85127
1,8,7,3,1,1.0351
1,8,7,3,1,0.82928
1,8,7,3,2,0.85239
1,8,7,3,2,0.85774
1,8,7,3,2,0.83675
1,8,7,3,2,0.85239
1,8,7,3,2,0.85774
1,8,7,3,2,0.83675
1,9,1,1,1,1.0043
1,9,1,1,1,1.0156
1,9,1,1,1,1.0582
1,9,1,1,1,1.0043
1,9,1,1,1,1.0156
1,9,1,1,1,1.0582
1,9,1,1,2,0.94114
1,9,1,1,2,1.0193
1,9,1,1,2,1.0717
1,9,1,1,2,0.94114
1,9,1,1,2,1.0193
1,9,1,1,2,1.0717
1,9,1,2,1,1.08
1,9,1,2,1,0.95987
1,9,1,2,1,0.93248
1,9,1,2,1,1.08
1,9,1,2,1,0.95987
1,9,1,2,1,0.93248
1,9,1,2,2,1.0909
1,9,1,2,2,0.94356
1,9,1,2,2,0.93451
1,9,1,2,2,1.0909
1,9,1,2,2,0.94356
1,9,1,2,2,0.93451
1,9,1,3,1,0.94573
1,9,1,3,1,1.0497
1,9,1,3,1,0.92093
1,9,1,3,1,0.94573
1,9,1,3,1,1.0497
1,9,1,3,1,0.92093
1,9,1,3,2,0.99489
1,9,1,3,2,0.89225
1,9,1,3,2,0.92248
1,9,1,3,2,0.99489
1,9,1,3,2,0.89225
1,9,1,3,2,0.92248
1,9,4,1,1,0.83778
1,9,4,1,1,0.88218
1,9,4,1,1,0.92235
1,9,4,1,1,0.83778
1,9,4,1,1,0.88218
1,9,4,1,1,0.92235
1,9,4,1,2,1.0765
1,9,4,1,2,0.96672
1,9,4,1,2,0.96847
1,9,4,1,2,1.0765
1,9,4,1,2,0.96672
1,9,4,1,2,0.96847
1,9,4,2,1,1.0246
1,9,4,2,1,1.1106
1,9,4,2,1,0.97398
1,9,4,2,1,1.0246
1,9,4,2,1,1.1106
1,9,4,2,1,0.97398
1,9,4,2,2,0.8118
1,9,4,2,2,1.027
1,9,4,2,2,0.88135
1,9,4,2,2,0.8118
1,9,4,2,2,1.027
1,9,4,2,2,0.88135
1,9,4,3,1,0.9899
1,9,4,3,1,0.91683
1,9,4,3,1,0.82493
1,9,4,3,1,0.9899
1,9,4,3,1,0.91683
1,9,4,3,1,0.82493
1,9,4,3,2,0.93069
1,9,4,3,2,0.91093
1,9,4,3,2,0.92791
1,9,4,3,2,0.93069
1,9,4,3,2,0.91093
1,9,4,3,2,0.92791
1,9,7,1,1,0.81412
1,9,7,1,1,0.78799
1,9,7,1,1,0.89518
1,9,7,1,1,0.81412
1,9,7,1,1,0.78799
1,9,7,1,1,0.89518
1,9,7,1,2,0.9955
1,9,7,1,2,0.96314
1,9,7,1,2,0.9718
1,9,7,1,2,0.9955
1,9,7,1,2,0.96314
1,9,7,1,2,0.9718
1,9,7,2,1,1.0107
1,9,7,2,1,0.98609
1,9,7,2,1,1.043
1,9,7,2,1,1.0107
1,9,7,2,1,0.98609
1,9,7,2,1,1.043
1,9,7,2,2,0.91824
1,9,7,2,2,0.8758
1,9,7,2,2,0.9811
1,9,7,2,2,0.91824
1,9,7,2,2,0.8758
1,9,7,2,2,0.9811
1,9,7,3,1,0.9333
1,9,7,3,1,0.94382
1,9,7,3,1,0.96765
1,9,7,3,1,0.9333
1,9,7,3,1,0.94382
1,9,7,3,1,0.96765
1,9,7,3,2,0.86041
1,9,7,3,2,0.79452
1,9,7,3,2,0.86622
1,9,7,3,2,0.86041
1,9,7,3,2,0.79452
1,9,7,3,2,0.86622
2,1,1,1,1,0.97222
2,1,1,1,1,0.90709
2,1,1,1,1,1.0075
2,1,1,1,1,0.97222
2,1,1,1,1,0.90709
2,1,1,1,1,1.0075
2,1,1,1,2,0.99274
2,1,1,1,2,1.0321
2,1,1,1,2,1.0477
2,1,1,1,2,0.99274
2,1,1,1,2,1.0321
2,1,1,1,2,1.0477
2,1,1,2,1,1.0558
2,1,1,2,1,1.0152
2,1,1,2,1,1.086
2,1,1,2,1,1.0558
2,1,1,2,1,1.0152
2,1,1,2,1,1.086
2,1,1,2,2,1.0199
2,1,1,2,2,0.9424
2,1,1,2,2,1.048
2,1,1,2,2,1.0199
2,1,1,2,2,0.9424
2,1,1,2,2,1.048
2,1,1,3,1,0.86663
2,1,1,3,1,1.0208
2,1,1,3,1,0.89729
2,1,1,3,1,0.86663
2,1,1,3,1,1.0208
2,1,1,3,1,0.89729
2,1,1,3,2,0.86716
2,1,1,3,2,1.0309
2,1,1,3,2,0.8689
2,1,1,3,2,0.86716
2,1,1,3,2,1.0309
2,1,1,3,2,0.8689
2,1,4,1,1,0.93995
2,1,4,1,1,1.0327
2,1,4,1,1,0.90969
2,1,4,1,1,0.93995
2,1,4,1,1,1.0327
2,1,4,1,1,0.90969
2,1,4,1,2,0.95334
2,1,4,1,2,0.9826
2,1,4,1,2,0.87232
2,1,4,1,2,0.95334
2,1,4,1,2,0.9826
2,1,4,1,2,0.87232
2,1,4,2,1,0.98509
2,1,4,2,1,0.86347
2,1,4,2,1,0.9904
2,1,4,2,1,0.98509
2,1,4,2,1,0.86347
2,1,4,2,1,0.9904
2,1,4,2,2,0.9469
2,1,4,2,2,0.92421
2,1,4,2,2,0.97779
2,1,4,2,2,0.9469
2,1,4,2,2,0.92421
2,1,4,2,2,0.97779
2,1,4,3,1,0.87925
2,1,4,3,1,1.029
2,1,4,3,1,0.95433
2,1,4,3,1,0.87925
2,1,4,3,1,1.029
2,1,4,3,1,0.95433
2,1,4,3,2,0.9583
2,1,4,3,2,0.8306
2,1,4,3,2,0.92436
2,1,4,3,2,0.9583
2,1,4,3,2,0.8306
2,1,4,3,2,0.92436
2,1,7,1,1,0.88392
2,1,7,1,1,0.92705
2,1,7,1,1,0.99055
2,1,7,1,1,0.88392
2,1,7,1,1,0.92705
2,1,7,1,1,0.99055
2,1,7,1,2,0.85743
2,1,7,1,2,1.0733
2,1,7,1,2,1.0872
2,1,7,1,2,0.85743
2,1,7,1,2,1.0733
2,1,7,1,2,1.0872
2,1,7,2,1,0.84498
2,1,7,2,1,0.90233
2,1,7,2,1,0.99112
2,1,7,2,1,0.84498
2,1,7,2,1,0.90233
2,1,7,2,1,0.99112
2,1,7,2,2,0.91778
2,1,7,2,2,1.0245
2,1,7,2,2,1.02
2,1,7,2,2,0.91778
2,1,7,2,2,1.0245
2,1,7,2,2,1.02
2,1,7,3,1,0.86582
2,1,7,3,1,0.771
2,1,7,3,1,0.78345
2,1,7,3,1,0.86582
2,1,7,3,1,0.771
2,1,7,3,1,0.78345
2,1,7,3,2,0.90945
2,1,7,3,2,0.84982
2,1,7,3,2,0.90124
2,1,7,3,2,0.90945
2,1,7,3,2,0.84982
2,1,7,3,2,0.90124
2,4,1,1,1,1.0119
2,4,1,1,1,1.0336
2,4,1,1,1,0.965
2,4,1,1,1,1.0119
2,4,1,1,1,1.0336
2,4,1,1,1,0.965
2,4,1,1,2,1.0336
2,4,1,1,2,1.0108
2,4,1,1,2,1.0408
2,4,1,1,2,1.0336
2,4,1,1,2,1.0108
2,4,1,1,2,1.0408
2,4,1,2,1,1
2,4,1,2,1,1.0659
2,4,1,2,1,1.0305
2,4,1,2,1,1
2,4,1,2,1,1.0659
2,4,1,2,1,1.0305
2,4,1,2,2,0.99934
2,4,1,2,2,0.88889
2,4,1,2,2,1.0242
2,4,1,2,2,0.99934
2,4,1,2,2,0.88889
2,4,1,2,2,1.0242
2,4,1,3,1,0.99651
2,4,1,3,1,1.0387
2,4,1,3,1,1.0198
2,4,1,3,1,0.99651
2,4,1,3,1,1.0387
2,4,1,3,1,1.0198
2,4,1,3,2,1.0226
2,4,1,3,2,0.78732
2,4,1,3,2,0.95632
2,4,1,3,2,1.0226
2,4,1,3,2,0.78732
2,4,1,3,2,0.95632
2,4,4,1,1,1.1556
2,4,4,1,1,1.001
2,4,4,1,1,0.96124
2,4,4,1,1,1.1556
2,4,4,1,1,1.001
2,4,4,1,1,0.96124
2,4,4,1,2,1.0005
2,4,4,1,2,1.0335
2,4,4,1,2,0.96524
2,4,4,1,2,1.0005
2,4,4,1,2,1.0335
2,4,4,1,2,0.96524
2,4,4,2,1,0.91797
2,4,4,2,1,0.86173
2,4,4,2,1,1.0585
2,4,4,2,1,0.91797
2,4,4,2,1,0.86173
2,4,4,2,1,1.0585
2,4,4,2,2,1.0978
2,4,4,2,2,1.0776
2,4,4,2,2,0.96785
2,4,4,2,2,1.0978
2,4,4,2,2,1.0776
2,4,4,2,2,0.96785
2,4,4,3,1,0.97535
2,4,4,3,1,0.86316
2,4,4,3,1,0.80692
2,4,4,3,1,0.97535
2,4,4,3,1,0.86316
2,4,4,3,1,0.80692
2,4,4,3,2,0.87823
2,4,4,3,2,0.81725
2,4,4,3,2,0.81324
2,4,4,3,2,0.87823
2,4,4,3,2,0.81725
2,4,4,3,2,0.81324
2,4,7,1,1,1.0601
2,4,7,1,1,1.0287
2,4,7,1,1,1.085
2,4,7,1,1,1.0601
2,4,7,1,1,1.0287
2,4,7,1,1,1.085
2,4,7,1,2,0.92378
2,4,7,1,2,0.73716
2,4,7,1,2,0.93483
2,4,7,1,2,0.92378
2,4,7,1,2,0.73716
2,4,7,1,2,0.93483
2,4,7,2,1,0.94871
2,4,7,2,1,0.93793
2,4,7,2,1,0.93304
2,4,7,2,1,0.94871
2,4,7,2,1,0.93793
2,4,7,2,1,0.93304
2,4,7,2,2,0.95612
2,4,7,2,2,0.9918
2,4,7,2,2,0.94169
2,4,7,2,2,0.95612
2,4,7,2,2,0.9918
2,4,7,2,2,0.94169
2,4,7,3,1,0.92381
2,4,7,3,1,0.90546
2,4,7,3,1,0.92305
2,4,7,3,1,0.92381
2,4,7,3,1,0.90546
2,4,7,3,1,0.92305
2,4,7,3,2,0.90171
2,4,7,3,2,0.8409
2,4,7,3,2,0.79003
2,4,7,3,2,0.90171
2,4,7,3,2,0.8409
2,4,7,3,2,0.79003
2,5,1,1,1,0.84032
2,5,1,1,1,0.78978
2,5,1,1,1,0.92653
2,5,1,1,1,0.84032
2,5,1,1,1,0.78978
2,5,1,1,1,0.92653
2,5,1,1,2,0.82983
2,5,1,1,2,0.8608
2,5,1,1,2,0.79695
2,5,1,1,2,0.82983
2,5,1,1,2,0.8608
2,5,1,1,2,0.79695
2,5,1,2,1,0.80411
2,5,1,2,1,0.9331
2,5,1,2,1,0.9713
2,5,1,2,1,0.80411
2,5,1,2,1,0.9331
2,5,1,2,1,0.9713
2,5,1,2,2,0.78114
2,5,1,2,2,0.87184
2,5,1,2,2,0.86143
2,5,1,2,2,0.78114
2,5,1,2,2,0.87184
2,5,1,2,2,0.86143
2,5,1,3,1,0.74877
2,5,1,3,1,0.75753
2,5,1,3,1,0.74744
2,5,1,3,1,0.74877
2,5,1,3,1,0.75753
2,5,1,3,1,0.74744
2,5,1,3,2,0.84281
2,5,1,3,2,0.74301
2,5,1,3,2,0.77952
2,5,1,3,2,0.84281
2,5,1,3,2,0.74301
2,5,1,3,2,0.77952
2,5,4,1,1,0.9687
2,5,4,1,1,0.84598
2,5,4,1,1,0.74638
2,5,4,1,1,0.9687
2,5,4,1,1,0.84598
2,5,4,1,1,0.74638
2,5,4,1,2,0.87171
2,5,4,1,2,0.8229
2,5,4,1,2,0.78653
2,5,4,1,2,0.87171
2,5,4,1,2,0.8229
2,5,4,1,2,0.78653
2,5,4,2,1,0.85695
2,5,4,2,1,0.92726
2,5,4,2,1,0.87266
2,5,4,2,1,0.85695
2,5,4,2,1,0.92726
2,5,4,2,1,0.87266
2,5,4,2,2,0.80961
2,5,4,2,2,0.72348
2,5,4,2,2,0.8859
2,5,4,2,2,0.80961
2,5,4,2,2,0.72348
2,5,4,2,2,0.8859
2,5,4,3,1,0.82568
2,5,4,3,1,0.77783
2,5,4,3,1,0.80751
2,5,4,3,1,0.82568
2,5,4,3,1,0.77783
2,5,4,3,1,0.80751
2,5,4,3,2,0.86753
2,5,4,3,2,0.88351
2,5,4,3,2,0.83454
2,5,4,3,2,0.86753
2,5,4,3,2,0.88351
2,5,4,3,2,0.83454
2,5,7,1,1,0.98869
2,5,7,1,1,0.7263
2,5,7,1,1,0.78508
2,5,7,1,1,0.98869
2,5,7,1,1,0.7263
2,5,7,1,1,0.78508
2,5,7,1,2,0.86086
2,5,7,1,2,0.97317
2,5,7,1,2,0.94485
2,5,7,1,2,0.86086
2,5,7,1,2,0.97317
2,5,7,1,2,0.94485
2,5,7,2,1,1.0112
2,5,7,2,1,0.81266
2,5,7,2,1,0.77869
2,5,7,2,1,1.0112
2,5,7,2,1,0.81266
2,5,7,2,1,0.77869
2,5,7,2,2,0.84712
2,5,7,2,2,0.87793
2,5,7,2,2,0.99074
2,5,7,2,2,0.84712
2,5,7,2,2,0.87793
2,5,7,2,2,0.99074
2,5,7,3,1,0.7783
2,5,7,3,1,0.80636
2,5,7,3,1,0.75155
2,5,7,3,1,0.7783
2,5,7,3,1,0.80636
2,5,7,3,1,0.75155
2,5,7,3,2,0.8516
2,5,7,3,2,0.82775
2,5,7,3,2,0.88814
2,5,7,3,2,0.8516
2,5,7,3,2,0.82775
2,5,7,3,2,0.88814
2,7,1,1,1,0.87571
2,7,1,1,1,0.89649
2,7,1,1,1,0.96086
2,7,1,1,1,0.87571
2,7,1,1,1,0.89649
2,7,1,1,1,0.96086
2,7,1,1,2,0.88242
2,7,1,1,2,0.92596
2,7,1,1,2,0.9686
2,7,1,1,2,0.88242
2,7,1,1,2,0.92596
2,7,1,1,2,0.9686
2,7,1,2,1,0.9147
2,7,1,2,1,0.89103
2,7,1,2,1,0.97952
2,7,1,2,1,0.9147
2,7,1,2,1,0.89103
2,7,1,2,1,0.97952
2,7,1,2,2,1.0226
2,7,1,2,2,0.80957
2,7,1,2,2,0.8943
2,7,1,2,2,1.0226
2,7,1,2,2,0.80957
2,7,1,2,2,0.8943
2,7,1,3,1,0.85973
2,7,1,3,1,0.92714
2,7,1,3,1,0.90433
2,7,1,3,1,0.85973
2,7,1,3,1,0.92714
2,7,1,3,1,0.90433
2,7,1,3,2,0.96417
2,7,1,3,2,0.9647
2,7,1,3,2,0.82698
2,7,1,3,2,0.96417
2,7,1,3,2,0.9647
2,7,1,3,2,0.82698
2,7,4,1,1,0.89708
2,7,4,1,1,0.91308
2,7,4,1,1,0.72516
2,7,4,1,1,0.89708
2,7,4,1,1,0.91308
2,7,4,1,1,0.72516
2,7,4,1,2,0.86997
2,7,4,1,2,0.8528
2,7,4,1,2,1.0168
2,7,4,1,2,0.86997
2,7,4,1,2,0.8528
2,7,4,1,2,1.0168
2,7,4,2,1,0.87535
2,7,4,2,1,0.90052
2,7,4,2,1,0.88143
2,7,4,2,1,0.87535
2,7,4,2,1,0.90052
2,7,4,2,1,0.88143
2,7,4,2,2,0.83736
2,7,4,2,2,0.83346
2,7,4,2,2,0.844
2,7,4,2,2,0.83736
2,7,4,2,2,0.83346
2,7,4,2,2,0.844
2,7,4,3,1,0.8471
2,7,4,3,1,0.86551
2,7,4,3,1,0.82259
2,7,4,3,1,0.8471
2,7,4,3,1,0.86551
2,7,4,3,1,0.82259
2,7,4,3,2,0.76022
2,7,4,3,2,0.80199
2,7,4,3,2,0.81607
2,7,4,3,2,0.76022
2,7,4,3,2,0.80199
2,7,4,3,2,0.81607
2,7,7,1,1,0.74248
2,7,7,1,1,0.91761
2,7,7,1,1,0.83566
2,7,7,1,1,0.74248
2,7,7,1,1,0.91761
2,7,7,1,1,0.83566
2,7,7,1,2,0.81317
2,7,7,1,2,0.76802
2,7,7,1,2,0.79203
2,7,7,1,2,0.81317
2,7,7,1,2,0.76802
2,7,7,1,2,0.79203
2,7,7,2,1,0.85066
2,7,7,2,1,1.0184
2,7,7,2,1,0.94584
2,7,7,2,1,0.85066
2,7,7,2,1,1.0184
2,7,7,2,1,0.94584
2,7,7,2,2,0.98872
2,7,7,2,2,0.87377
2,7,7,2,2,0.89255
2,7,7,2,2,0.98872
2,7,7,2,2,0.87377
2,7,7,2,2,0.89255
2,7,7,3,1,0.83623
2,7,7,3,1,0.83574
2,7,7,3,1,0.75212
2,7,7,3,1,0.83623
2,7,7,3,1,0.83574
2,7,7,3,1,0.75212
2,7,7,3,2,0.82545
2,7,7,3,2,0.84673
2,7,7,3,2,0.95296
2,7,7,3,2,0.82545
2,7,7,3,2,0.84673
2,7,7,3,2,0.95296
2,10,1,1,1,0.96241
2,10,1,1,1,0.95114
2,10,1,1,1,0.93247
2,10,1,1,1,0.96241
2,10,1,1,1,0.95114
2,10,1,1,1,0.93247
2,10,1,1,2,0.99478
2,10,1,1,2,1.0992
2,10,1,1,2,0.93185
2,10,1,1,2,0.99478
2,10,1,1,2,1.0992
2,10,1,1,2,0.93185
2,10,1,2,1,0.94731
2,10,1,2,1,1.0743
2,10,1,2,1,0.93379
2,10,1,2,1,0.94731
2,10,1,2,1,1.0743
2,10,1,2,1,0.93379
2,10,1,2,2,0.85483
2,10,1,2,2,1.0133
2,10,1,2,2,1.0089
2,10,1,2,2,0.85483
2,10,1,2,2,1.0133
2,10,1,2,2,1.0089
2,10,1,3,1,0.88871
2,10,1,3,1,1.0038
2,10,1,3,1,0.96533
2,10,1,3,1,0.88871
2,10,1,3,1,1.0038
2,10,1,3,1,0.96533
2,10,1,3,2,0.95992
2,10,1,3,2,1.007
2,10,1,3,2,0.9613
2,10,1,3,2,0.95992
2,10,1,3,2,1.007
2,10,1,3,2,0.9613
2,10,4,1,1,0.99123
2,10,4,1,1,1.0602
2,10,4,1,1,0.96637
2,10,4,1,1,0.99123
2,10,4,1,1,1.0602
2,10,4,1,1,0.96637
2,10,4,1,2,0.93683
2,10,4,1,2,0.82908
2,10,4,1,2,0.97434
2,10,4,1,2,0.93683
2,10,4,1,2,0.82908
2,10,4,1,2,0.97434
2,10,4,2,1,0.97728
2,10,4,2,1,0.96061
2,10,4,2,1,0.95499
2,10,4,2,1,0.97728
2,10,4,2,1,0.96061
2,10,4,2,1,0.95499
2,10,4,2,2,0.95146
2,10,4,2,2,0.95187
2,10,4,2,2,0.8683
2,10,4,2,2,0.95146
2,10,4,2,2,0.95187
2,10,4,2,2,0.8683
2,10,4,3,1,0.94711
2,10,4,3,1,1.0121
2,10,4,3,1,0.96319
2,10,4,3,1,0.94711
2,10,4,3,1,1.0121
2,10,4,3,1,0.96319
2,10,4,3,2,0.91555
2,10,4,3,2,0.97056
2,10,4,3,2,0.92961
2,10,4,3,2,0.91555
2,10,4,3,2,0.97056
2,10,4,3,2,0.92961
2,10,7,1,1,1.0154
2,10,7,1,1,1.0068
2,10,7,1,1,1.1072
2,10,7,1,1,1.0154
2,10,7,1,1,1.0068
2,10,7,1,1,1.1072
2,10,7,1,2,1.0049
2,10,7,1,2,1.0257
2,10,7,1,2,1.024
2,10,7,1,2,1.0049
2,10,7,1,2,1.0257
2,10,7,1,2,1.024
2,10,7,2,1,1.0328
2,10,7,2,1,1.0564
2,10,7,2,1,0.93781
2,10,7,2,1,1.0328
2,10,7,2,1,1.0564
2,10,7,2,1,0.93781
2,10,7,2,2,0.9039
2,10,7,2,2,1.0826
2,10,7,2,2,0.92901
2,10,7,2,2,0.9039
2,10,7,2,2,1.0826
2,10,7,2,2,0.92901
2,10,7,3,1,1.1173
2,10,7,3,1,0.95688
2,10,7,3,1,1.0238
2,10,7,3,1,1.1173
2,10,7,3,1,0.95688
2,10,7,3,1,1.0238
2,10,7,3,2,0.95016
2,10,7,3,2,0.72872
2,10,7,3,2,0.87958
2,10,7,3,2,0.95016
2,10,7,3,2,0.72872
2,10,7,3,2,0.87958
