grp , pp , S , IDR , IDL , q4R
1,2,1,1,1,0.57558
1,2,1,1,1,0.47158
1,2,1,1,1,0.5027
1,2,1,1,1,0.57558
1,2,1,1,1,0.47158
1,2,1,1,1,0.5027
1,2,1,1,2,0.46082
1,2,1,1,2,0.46631
1,2,1,1,2,0.48668
1,2,1,1,2,0.46082
1,2,1,1,2,0.46631
1,2,1,1,2,0.48668
1,2,1,2,1,0.39642
1,2,1,2,1,0.51773
1,2,1,2,1,0.4274
1,2,1,2,1,0.39642
1,2,1,2,1,0.51773
1,2,1,2,1,0.4274
1,2,1,2,2,0.51196
1,2,1,2,2,0.38215
1,2,1,2,2,0.55835
1,2,1,2,2,0.51196
1,2,1,2,2,0.38215
1,2,1,2,2,0.55835
1,2,1,3,1,0.54855
1,2,1,3,1,0.44106
1,2,1,3,1,0.43241
1,2,1,3,1,0.54855
1,2,1,3,1,0.44106
1,2,1,3,1,0.43241
1,2,1,3,2,0.80008
1,2,1,3,2,0.93883
1,2,1,3,2,0.80237
1,2,1,3,2,0.80008
1,2,1,3,2,0.93883
1,2,1,3,2,0.80237
1,2,4,1,1,0.48363
1,2,4,1,1,0.43566
1,2,4,1,1,0.40535
1,2,4,1,1,0.48363
1,2,4,1,1,0.43566
1,2,4,1,1,0.40535
1,2,4,1,2,0.45382
1,2,4,1,2,0.50521
1,2,4,1,2,0.55229
1,2,4,1,2,0.45382
1,2,4,1,2,0.50521
1,2,4,1,2,0.55229
1,2,4,2,1,0.3896
1,2,4,2,1,0.45351
1,2,4,2,1,0.49852
1,2,4,2,1,0.3896
1,2,4,2,1,0.45351
1,2,4,2,1,0.49852
1,2,4,2,2,0.81987
1,2,4,2,2,0.85703
1,2,4,2,2,0.67776
1,2,4,2,2,0.81987
1,2,4,2,2,0.85703
1,2,4,2,2,0.67776
1,2,4,3,1,0.52958
1,2,4,3,1,0.45204
1,2,4,3,1,0.54575
1,2,4,3,1,0.52958
1,2,4,3,1,0.45204
1,2,4,3,1,0.54575
1,2,4,3,2,0.85254
1,2,4,3,2,0.87974
1,2,4,3,2,0.96704
1,2,4,3,2,0.85254
1,2,4,3,2,0.87974
1,2,4,3,2,0.96704
1,2,7,1,1,0.44273
1,2,7,1,1,0.49203
1,2,7,1,1,0.38202
1,2,7,1,1,0.44273
1,2,7,1,1,0.49203
1,2,7,1,1,0.38202
1,2,7,1,2,0.53009
1,2,7,1,2,0.6177
1,2,7,1,2,0.42616
1,2,7,1,2,0.53009
1,2,7,1,2,0.6177
1,2,7,1,2,0.42616
1,2,7,2,1,0.47468
1,2,7,2,1,0.44756
1,2,7,2,1,0.3968
1,2,7,2,1,0.47468
1,2,7,2,1,0.44756
1,2,7,2,1,0.3968
1,2,7,2,2,0.79492
1,2,7,2,2,0.80146
1,2,7,2,2,0.84145
1,2,7,2,2,0.79492
1,2,7,2,2,0.80146
1,2,7,2,2,0.84145
1,2,7,3,1,0.50232
1,2,7,3,1,0.49385
1,2,7,3,1,0.49414
1,2,7,3,1,0.50232
1,2,7,3,1,0.49385
1,2,7,3,1,0.49414
1,2,7,3,2,0.97764
1,2,7,3,2,1.0014
1,2,7,3,2,0.87214
1,2,7,3,2,0.97764
1,2,7,3,2,1.0014
1,2,7,3,2,0.87214
1,3,1,1,1,0.49447
1,3,1,1,1,0.46099
1,3,1,1,1,0.6001
1,3,1,1,1,0.49447
1,3,1,1,1,0.46099
1,3,1,1,1,0.6001
1,3,1,1,2,0.59463
1,3,1,1,2,0.54687
1,3,1,1,2,0.55288
1,3,1,1,2,0.59463
1,3,1,1,2,0.54687
1,3,1,1,2,0.55288
1,3,1,2,1,0.4709
1,3,1,2,1,0.54618
1,3,1,2,1,0.39469
1,3,1,2,1,0.4709
1,3,1,2,1,0.54618
1,3,1,2,1,0.39469
1,3,1,2,2,0.62338
1,3,1,2,2,0.65651
1,3,1,2,2,0.42402
1,3,1,2,2,0.62338
1,3,1,2,2,0.65651
1,3,1,2,2,0.42402
1,3,1,3,1,0.4734
1,3,1,3,1,0.62018
1,3,1,3,1,0.53856
1,3,1,3,1,0.4734
1,3,1,3,1,0.62018
1,3,1,3,1,0.53856
1,3,1,3,2,0.8052
1,3,1,3,2,0.71918
1,3,1,3,2,0.8141
1,3,1,3,2,0.8052
1,3,1,3,2,0.71918
1,3,1,3,2,0.8141
1,3,4,1,1,0.70027
1,3,4,1,1,0.66399
1,3,4,1,1,0.6956
1,3,4,1,1,0.70027
1,3,4,1,1,0.66399
1,3,4,1,1,0.6956
1,3,4,1,2,0.56062
1,3,4,1,2,0.62069
1,3,4,1,2,0.57701
1,3,4,1,2,0.56062
1,3,4,1,2,0.62069
1,3,4,1,2,0.57701
1,3,4,2,1,0.64128
1,3,4,2,1,0.61227
1,3,4,2,1,0.71883
1,3,4,2,1,0.64128
1,3,4,2,1,0.61227
1,3,4,2,1,0.71883
1,3,4,2,2,0.56332
1,3,4,2,2,0.58836
1,3,4,2,2,0.82122
1,3,4,2,2,0.56332
1,3,4,2,2,0.58836
1,3,4,2,2,0.82122
1,3,4,3,1,0.66915
1,3,4,3,1,0.69485
1,3,4,3,1,0.7854
1,3,4,3,1,0.66915
1,3,4,3,1,0.69485
1,3,4,3,1,0.7854
1,3,4,3,2,0.85197
1,3,4,3,2,0.81608
1,3,4,3,2,0.91552
1,3,4,3,2,0.85197
1,3,4,3,2,0.81608
1,3,4,3,2,0.91552
1,3,7,1,1,0.76011
1,3,7,1,1,0.57629
1,3,7,1,1,0.79388
1,3,7,1,1,0.76011
1,3,7,1,1,0.57629
1,3,7,1,1,0.79388
1,3,7,1,2,0.67617
1,3,7,1,2,0.68517
1,3,7,1,2,0.73641
1,3,7,1,2,0.67617
1,3,7,1,2,0.68517
1,3,7,1,2,0.73641
1,3,7,2,1,0.60583
1,3,7,2,1,0.67148
1,3,7,2,1,0.65699
1,3,7,2,1,0.60583
1,3,7,2,1,0.67148
1,3,7,2,1,0.65699
1,3,7,2,2,0.68393
1,3,7,2,2,0.73798
1,3,7,2,2,0.67765
1,3,7,2,2,0.68393
1,3,7,2,2,0.73798
1,3,7,2,2,0.67765
1,3,7,3,1,0.56829
1,3,7,3,1,0.57943
1,3,7,3,1,0.59485
1,3,7,3,1,0.56829
1,3,7,3,1,0.57943
1,3,7,3,1,0.59485
1,3,7,3,2,0.76349
1,3,7,3,2,0.76025
1,3,7,3,2,0.89195
1,3,7,3,2,0.76349
1,3,7,3,2,0.76025
1,3,7,3,2,0.89195
1,6,1,1,1,0.60307
1,6,1,1,1,0.65613
1,6,1,1,1,0.62434
1,6,1,1,1,0.60307
1,6,1,1,1,0.65613
1,6,1,1,1,0.62434
1,6,1,1,2,0.71295
1,6,1,1,2,0.55083
1,6,1,1,2,0.57976
1,6,1,1,2,0.71295
1,6,1,1,2,0.55083
1,6,1,1,2,0.57976
1,6,1,2,1,0.76078
1,6,1,2,1,0.74309
1,6,1,2,1,0.61992
1,6,1,2,1,0.76078
1,6,1,2,1,0.74309
1,6,1,2,1,0.61992
1,6,1,2,2,0.60396
1,6,1,2,2,0.59227
1,6,1,2,2,0.57172
1,6,1,2,2,0.60396
1,6,1,2,2,0.59227
1,6,1,2,2,0.57172
1,6,1,3,1,0.73103
1,6,1,3,1,0.69896
1,6,1,3,1,0.72267
1,6,1,3,1,0.73103
1,6,1,3,1,0.69896
1,6,1,3,1,0.72267
1,6,1,3,2,0.59845
1,6,1,3,2,0.76175
1,6,1,3,2,0.82892
1,6,1,3,2,0.59845
1,6,1,3,2,0.76175
1,6,1,3,2,0.82892
1,6,4,1,1,0.60663
1,6,4,1,1,0.52075
1,6,4,1,1,0.47495
1,6,4,1,1,0.60663
1,6,4,1,1,0.52075
1,6,4,1,1,0.47495
1,6,4,1,2,0.68959
1,6,4,1,2,0.72963
1,6,4,1,2,0.67956
1,6,4,1,2,0.68959
1,6,4,1,2,0.72963
1,6,4,1,2,0.67956
1,6,4,2,1,0.54641
1,6,4,2,1,0.62005
1,6,4,2,1,0.5027
1,6,4,2,1,0.54641
1,6,4,2,1,0.62005
1,6,4,2,1,0.5027
1,6,4,2,2,0.8157
1,6,4,2,2,0.81651
1,6,4,2,2,0.70627
1,6,4,2,2,0.8157
1,6,4,2,2,0.81651
1,6,4,2,2,0.70627
1,6,4,3,1,0.66653
1,6,4,3,1,0.59272
1,6,4,3,1,0.45247
1,6,4,3,1,0.66653
1,6,4,3,1,0.59272
1,6,4,3,1,0.45247
1,6,4,3,2,0.78124
1,6,4,3,2,0.95335
1,6,4,3,2,0.88658
1,6,4,3,2,0.78124
1,6,4,3,2,0.95335
1,6,4,3,2,0.88658
1,6,7,1,1,0.72044
1,6,7,1,1,0.65227
1,6,7,1,1,0.61577
1,6,7,1,1,0.72044
1,6,7,1,1,0.65227
1,6,7,1,1,0.61577
1,6,7,1,2,0.61472
1,6,7,1,2,0.76131
1,6,7,1,2,0.75024
1,6,7,1,2,0.61472
1,6,7,1,2,0.76131
1,6,7,1,2,0.75024
1,6,7,2,1,0.67756
1,6,7,2,1,0.67419
1,6,7,2,1,0.73767
1,6,7,2,1,0.67756
1,6,7,2,1,0.67419
1,6,7,2,1,0.73767
1,6,7,2,2,0.77507
1,6,7,2,2,0.77937
1,6,7,2,2,0.79951
1,6,7,2,2,0.77507
1,6,7,2,2,0.77937
1,6,7,2,2,0.79951
1,6,7,3,1,0.55431
1,6,7,3,1,0.70289
1,6,7,3,1,0.62587
1,6,7,3,1,0.55431
1,6,7,3,1,0.70289
1,6,7,3,1,0.62587
1,6,7,3,2,0.86272
1,6,7,3,2,0.93012
1,6,7,3,2,0.78974
1,6,7,3,2,0.86272
1,6,7,3,2,0.93012
1,6,7,3,2,0.78974
1,8,1,1,1,0.67721
1,8,1,1,1,0.66326
1,8,1,1,1,0.56828
1,8,1,1,1,0.67721
1,8,1,1,1,0.66326
1,8,1,1,1,0.56828
1,8,1,1,2,0.726
1,8,1,1,2,0.6251
1,8,1,1,2,0.51781
1,8,1,1,2,0.726
1,8,1,1,2,0.6251
1,8,1,1,2,0.51781
1,8,1,2,1,0.55304
1,8,1,2,1,0.69119
1,8,1,2,1,0.54952
1,8,1,2,1,0.55304
1,8,1,2,1,0.69119
1,8,1,2,1,0.54952
1,8,1,2,2,0.6573
1,8,1,2,2,0.46826
1,8,1,2,2,0.79197
1,8,1,2,2,0.6573
1,8,1,2,2,0.46826
1,8,1,2,2,0.79197
1,8,1,3,1,0.54399
1,8,1,3,1,0.58939
1,8,1,3,1,0.59335
1,8,1,3,1,0.54399
1,8,1,3,1,0.58939
1,8,1,3,1,0.59335
1,8,1,3,2,0.92307
1,8,1,3,2,0.92715
1,8,1,3,2,1.0268
1,8,1,3,2,0.92307
1,8,1,3,2,0.92715
1,8,1,3,2,1.0268
1,8,4,1,1,0.63486
1,8,4,1,1,0.60388
1,8,4,1,1,0.51349
1,8,4,1,1,0.63486
1,8,4,1,1,0.60388
1,8,4,1,1,0.51349
1,8,4,1,2,0.60526
1,8,4,1,2,0.65097
1,8,4,1,2,0.60341
1,8,4,1,2,0.60526
1,8,4,1,2,0.65097
1,8,4,1,2,0.60341
1,8,4,2,1,0.475
1,8,4,2,1,0.52439
1,8,4,2,1,0.43984
1,8,4,2,1,0.475
1,8,4,2,1,0.52439
1,8,4,2,1,0.43984
1,8,4,2,2,0.90307
1,8,4,2,2,0.90997
1,8,4,2,2,0.9224
1,8,4,2,2,0.90307
1,8,4,2,2,0.90997
1,8,4,2,2,0.9224
1,8,4,3,1,0.69495
1,8,4,3,1,0.57227
1,8,4,3,1,0.69731
1,8,4,3,1,0.69495
1,8,4,3,1,0.57227
1,8,4,3,1,0.69731
1,8,4,3,2,0.89269
1,8,4,3,2,1.0405
1,8,4,3,2,0.98094
1,8,4,3,2,0.89269
1,8,4,3,2,1.0405
1,8,4,3,2,0.98094
1,8,7,1,1,0.55869
1,8,7,1,1,0.54214
1,8,7,1,1,0.63144
1,8,7,1,1,0.55869
1,8,7,1,1,0.54214
1,8,7,1,1,0.63144
1,8,7,1,2,0.74461
1,8,7,1,2,0.55217
1,8,7,1,2,0.60866
1,8,7,1,2,0.74461
1,8,7,1,2,0.55217
1,8,7,1,2,0.60866
1,8,7,2,1,0.5036
1,8,7,2,1,0.51555
1,8,7,2,1,0.46846
1,8,7,2,1,0.5036
1,8,7,2,1,0.51555
1,8,7,2,1,0.46846
1,8,7,2,2,0.88302
1,8,7,2,2,0.80691
1,8,7,2,2,0.88941
1,8,7,2,2,0.88302
1,8,7,2,2,0.80691
1,8,7,2,2,0.88941
1,8,7,3,1,0.59786
1,8,7,3,1,0.66164
1,8,7,3,1,0.70987
1,8,7,3,1,0.59786
1,8,7,3,1,0.66164
1,8,7,3,1,0.70987
1,8,7,3,2,0.91449
1,8,7,3,2,0.96849
1,8,7,3,2,0.91166
1,8,7,3,2,0.91449
1,8,7,3,2,0.96849
1,8,7,3,2,0.91166
1,9,1,1,1,0.61477
1,9,1,1,1,0.43413
1,9,1,1,1,0.47286
1,9,1,1,1,0.61477
1,9,1,1,1,0.43413
1,9,1,1,1,0.47286
1,9,1,1,2,0.66292
1,9,1,1,2,0.6146
1,9,1,1,2,0.57673
1,9,1,1,2,0.66292
1,9,1,1,2,0.6146
1,9,1,1,2,0.57673
1,9,1,2,1,0.60671
1,9,1,2,1,0.59278
1,9,1,2,1,0.68232
1,9,1,2,1,0.60671
1,9,1,2,1,0.59278
1,9,1,2,1,0.68232
1,9,1,2,2,0.59816
1,9,1,2,2,0.75079
1,9,1,2,2,0.64418
1,9,1,2,2,0.59816
1,9,1,2,2,0.75079
1,9,1,2,2,0.64418
1,9,1,3,1,0.62987
1,9,1,3,1,0.6068
1,9,1,3,1,0.51941
1,9,1,3,1,0.62987
1,9,1,3,1,0.6068
1,9,1,3,1,0.51941
1,9,1,3,2,0.80075
1,9,1,3,2,0.89268
1,9,1,3,2,0.9168
1,9,1,3,2,0.80075
1,9,1,3,2,0.89268
1,9,1,3,2,0.9168
1,9,4,1,1,0.5246
1,9,4,1,1,0.65807
1,9,4,1,1,0.70499
1,9,4,1,1,0.5246
1,9,4,1,1,0.65807
1,9,4,1,1,0.70499
1,9,4,1,2,0.58317
1,9,4,1,2,0.61363
1,9,4,1,2,0.64565
1,9,4,1,2,0.58317
1,9,4,1,2,0.61363
1,9,4,1,2,0.64565
1,9,4,2,1,0.55489
1,9,4,2,1,0.49733
1,9,4,2,1,0.48371
1,9,4,2,1,0.55489
1,9,4,2,1,0.49733
1,9,4,2,1,0.48371
1,9,4,2,2,0.75431
1,9,4,2,2,0.7854
1,9,4,2,2,0.89498
1,9,4,2,2,0.75431
1,9,4,2,2,0.7854
1,9,4,2,2,0.89498
1,9,4,3,1,0.7154
1,9,4,3,1,0.62425
1,9,4,3,1,0.6736
1,9,4,3,1,0.7154
1,9,4,3,1,0.62425
1,9,4,3,1,0.6736
1,9,4,3,2,0.95852
1,9,4,3,2,0.9615
1,9,4,3,2,1.0173
1,9,4,3,2,0.95852
1,9,4,3,2,0.9615
1,9,4,3,2,1.0173
1,9,7,1,1,0.72691
1,9,7,1,1,0.58846
1,9,7,1,1,0.5239
1,9,7,1,1,0.72691
1,9,7,1,1,0.58846
1,9,7,1,1,0.5239
1,9,7,1,2,0.53354
1,9,7,1,2,0.58244
1,9,7,1,2,0.59324
1,9,7,1,2,0.53354
1,9,7,1,2,0.58244
1,9,7,1,2,0.59324
1,9,7,2,1,0.76617
1,9,7,2,1,0.5807
1,9,7,2,1,0.69547
1,9,7,2,1,0.76617
1,9,7,2,1,0.5807
1,9,7,2,1,0.69547
1,9,7,2,2,0.95773
1,9,7,2,2,0.77593
1,9,7,2,2,0.85113
1,9,7,2,2,0.95773
1,9,7,2,2,0.77593
1,9,7,2,2,0.85113
1,9,7,3,1,0.69045
1,9,7,3,1,0.58495
1,9,7,3,1,0.53993
1,9,7,3,1,0.69045
1,9,7,3,1,0.58495
1,9,7,3,1,0.53993
1,9,7,3,2,0.84092
1,9,7,3,2,0.92118
1,9,7,3,2,0.94392
1,9,7,3,2,0.84092
1,9,7,3,2,0.92118
1,9,7,3,2,0.94392
2,1,1,1,1,0.53131
2,1,1,1,1,0.60555
2,1,1,1,1,0.51597
2,1,1,1,1,0.53131
2,1,1,1,1,0.60555
2,1,1,1,1,0.51597
2,1,1,1,2,0.48145
2,1,1,1,2,0.58313
2,1,1,1,2,0.5732
2,1,1,1,2,0.48145
2,1,1,1,2,0.58313
2,1,1,1,2,0.5732
2,1,1,2,1,0.58372
2,1,1,2,1,0.6433
2,1,1,2,1,0.58427
2,1,1,2,1,0.58372
2,1,1,2,1,0.6433
2,1,1,2,1,0.58427
2,1,1,2,2,0.50062
2,1,1,2,2,0.61468
2,1,1,2,2,0.55664
2,1,1,2,2,0.50062
2,1,1,2,2,0.61468
2,1,1,2,2,0.55664
2,1,1,3,1,0.60554
2,1,1,3,1,0.57787
2,1,1,3,1,0.53496
2,1,1,3,1,0.60554
2,1,1,3,1,0.57787
2,1,1,3,1,0.53496
2,1,1,3,2,0.90512
2,1,1,3,2,0.99733
2,1,1,3,2,0.98193
2,1,1,3,2,0.90512
2,1,1,3,2,0.99733
2,1,1,3,2,0.98193
2,1,4,1,1,0.45332
2,1,4,1,1,0.48961
2,1,4,1,1,0.49706
2,1,4,1,1,0.45332
2,1,4,1,1,0.48961
2,1,4,1,1,0.49706
2,1,4,1,2,0.43525
2,1,4,1,2,0.51173
2,1,4,1,2,0.56665
2,1,4,1,2,0.43525
2,1,4,1,2,0.51173
2,1,4,1,2,0.56665
2,1,4,2,1,0.48736
2,1,4,2,1,0.58754
2,1,4,2,1,0.5225
2,1,4,2,1,0.48736
2,1,4,2,1,0.58754
2,1,4,2,1,0.5225
2,1,4,2,2,0.69594
2,1,4,2,2,0.72021
2,1,4,2,2,0.70549
2,1,4,2,2,0.69594
2,1,4,2,2,0.72021
2,1,4,2,2,0.70549
2,1,4,3,1,0.56459
2,1,4,3,1,0.7198
2,1,4,3,1,0.66111
2,1,4,3,1,0.56459
2,1,4,3,1,0.7198
2,1,4,3,1,0.66111
2,1,4,3,2,0.72026
2,1,4,3,2,0.83272
2,1,4,3,2,0.91221
2,1,4,3,2,0.72026
2,1,4,3,2,0.83272
2,1,4,3,2,0.91221
2,1,7,1,1,0.55274
2,1,7,1,1,0.63635
2,1,7,1,1,0.71302
2,1,7,1,1,0.55274
2,1,7,1,1,0.63635
2,1,7,1,1,0.71302
2,1,7,1,2,0.8424
2,1,7,1,2,0.73086
2,1,7,1,2,0.70817
2,1,7,1,2,0.8424
2,1,7,1,2,0.73086
2,1,7,1,2,0.70817
2,1,7,2,1,0.62063
2,1,7,2,1,0.71248
2,1,7,2,1,0.76454
2,1,7,2,1,0.62063
2,1,7,2,1,0.71248
2,1,7,2,1,0.76454
2,1,7,2,2,0.84663
2,1,7,2,2,0.91533
2,1,7,2,2,0.97348
2,1,7,2,2,0.84663
2,1,7,2,2,0.91533
2,1,7,2,2,0.97348
2,1,7,3,1,0.87712
2,1,7,3,1,0.93867
2,1,7,3,1,0.89536
2,1,7,3,1,0.87712
2,1,7,3,1,0.93867
2,1,7,3,1,0.89536
2,1,7,3,2,0.90684
2,1,7,3,2,0.9516
2,1,7,3,2,1.0344
2,1,7,3,2,0.90684
2,1,7,3,2,0.9516
2,1,7,3,2,1.0344
2,4,1,1,1,0.50638
2,4,1,1,1,0.69172
2,4,1,1,1,0.48256
2,4,1,1,1,0.50638
2,4,1,1,1,0.69172
2,4,1,1,1,0.48256
2,4,1,1,2,0.67406
2,4,1,1,2,0.57343
2,4,1,1,2,0.59165
2,4,1,1,2,0.67406
2,4,1,1,2,0.57343
2,4,1,1,2,0.59165
2,4,1,2,1,0.58318
2,4,1,2,1,0.43287
2,4,1,2,1,0.45448
2,4,1,2,1,0.58318
2,4,1,2,1,0.43287
2,4,1,2,1,0.45448
2,4,1,2,2,0.6725
2,4,1,2,2,0.61547
2,4,1,2,2,0.79393
2,4,1,2,2,0.6725
2,4,1,2,2,0.61547
2,4,1,2,2,0.79393
2,4,1,3,1,0.57587
2,4,1,3,1,0.6222
2,4,1,3,1,0.64931
2,4,1,3,1,0.57587
2,4,1,3,1,0.6222
2,4,1,3,1,0.64931
2,4,1,3,2,0.7766
2,4,1,3,2,0.84442
2,4,1,3,2,0.96764
2,4,1,3,2,0.7766
2,4,1,3,2,0.84442
2,4,1,3,2,0.96764
2,4,4,1,1,0.41224
2,4,4,1,1,0.58993
2,4,4,1,1,0.67265
2,4,4,1,1,0.41224
2,4,4,1,1,0.58993
2,4,4,1,1,0.67265
2,4,4,1,2,0.63452
2,4,4,1,2,0.81198
2,4,4,1,2,0.58506
2,4,4,1,2,0.63452
2,4,4,1,2,0.81198
2,4,4,1,2,0.58506
2,4,4,2,1,0.60073
2,4,4,2,1,0.63243
2,4,4,2,1,0.80548
2,4,4,2,1,0.60073
2,4,4,2,1,0.63243
2,4,4,2,1,0.80548
2,4,4,2,2,0.86249
2,4,4,2,2,0.6617
2,4,4,2,2,0.56628
2,4,4,2,2,0.86249
2,4,4,2,2,0.6617
2,4,4,2,2,0.56628
2,4,4,3,1,0.92547
2,4,4,3,1,0.94405
2,4,4,3,1,0.95744
2,4,4,3,1,0.92547
2,4,4,3,1,0.94405
2,4,4,3,1,0.95744
2,4,4,3,2,0.88165
2,4,4,3,2,0.90345
2,4,4,3,2,0.62565
2,4,4,3,2,0.88165
2,4,4,3,2,0.90345
2,4,4,3,2,0.62565
2,4,7,1,1,0.63174
2,4,7,1,1,0.70033
2,4,7,1,1,0.53871
2,4,7,1,1,0.63174
2,4,7,1,1,0.70033
2,4,7,1,1,0.53871
2,4,7,1,2,0.91356
2,4,7,1,2,0.81429
2,4,7,1,2,0.74611
2,4,7,1,2,0.91356
2,4,7,1,2,0.81429
2,4,7,1,2,0.74611
2,4,7,2,1,0.72505
2,4,7,2,1,0.74252
2,4,7,2,1,0.71424
2,4,7,2,1,0.72505
2,4,7,2,1,0.74252
2,4,7,2,1,0.71424
2,4,7,2,2,0.75419
2,4,7,2,2,0.82306
2,4,7,2,2,0.7994
2,4,7,2,2,0.75419
2,4,7,2,2,0.82306
2,4,7,2,2,0.7994
2,4,7,3,1,0.90153
2,4,7,3,1,0.91379
2,4,7,3,1,0.8539
2,4,7,3,1,0.90153
2,4,7,3,1,0.91379
2,4,7,3,1,0.8539
2,4,7,3,2,0.86009
2,4,7,3,2,0.81442
2,4,7,3,2,0.91553
2,4,7,3,2,0.86009
2,4,7,3,2,0.81442
2,4,7,3,2,0.91553
2,5,1,1,1,0.72824
2,5,1,1,1,0.63323
2,5,1,1,1,0.72951
2,5,1,1,1,0.72824
2,5,1,1,1,0.63323
2,5,1,1,1,0.72951
2,5,1,1,2,0.59288
2,5,1,1,2,0.57052
2,5,1,1,2,0.52824
2,5,1,1,2,0.59288
2,5,1,1,2,0.57052
2,5,1,1,2,0.52824
2,5,1,2,1,0.78255
2,5,1,2,1,0.76986
2,5,1,2,1,0.6982
2,5,1,2,1,0.78255
2,5,1,2,1,0.76986
2,5,1,2,1,0.6982
2,5,1,2,2,0.77515
2,5,1,2,2,0.74081
2,5,1,2,2,0.69166
2,5,1,2,2,0.77515
2,5,1,2,2,0.74081
2,5,1,2,2,0.69166
2,5,1,3,1,0.88279
2,5,1,3,1,0.88492
2,5,1,3,1,0.80225
2,5,1,3,1,0.88279
2,5,1,3,1,0.88492
2,5,1,3,1,0.80225
2,5,1,3,2,0.87421
2,5,1,3,2,1.0049
2,5,1,3,2,0.89052
2,5,1,3,2,0.87421
2,5,1,3,2,1.0049
2,5,1,3,2,0.89052
2,5,4,1,1,0.59908
2,5,4,1,1,0.71443
2,5,4,1,1,0.60233
2,5,4,1,1,0.59908
2,5,4,1,1,0.71443
2,5,4,1,1,0.60233
2,5,4,1,2,0.58244
2,5,4,1,2,0.51074
2,5,4,1,2,0.62987
2,5,4,1,2,0.58244
2,5,4,1,2,0.51074
2,5,4,1,2,0.62987
2,5,4,2,1,0.75385
2,5,4,2,1,0.70531
2,5,4,2,1,0.7844
2,5,4,2,1,0.75385
2,5,4,2,1,0.70531
2,5,4,2,1,0.7844
2,5,4,2,2,0.77876
2,5,4,2,2,0.61885
2,5,4,2,2,0.72858
2,5,4,2,2,0.77876
2,5,4,2,2,0.61885
2,5,4,2,2,0.72858
2,5,4,3,1,0.89667
2,5,4,3,1,0.89759
2,5,4,3,1,0.90672
2,5,4,3,1,0.89667
2,5,4,3,1,0.89759
2,5,4,3,1,0.90672
2,5,4,3,2,0.77088
2,5,4,3,2,0.92979
2,5,4,3,2,0.84214
2,5,4,3,2,0.77088
2,5,4,3,2,0.92979
2,5,4,3,2,0.84214
2,5,7,1,1,0.56762
2,5,7,1,1,0.67643
2,5,7,1,1,0.63011
2,5,7,1,1,0.56762
2,5,7,1,1,0.67643
2,5,7,1,1,0.63011
2,5,7,1,2,0.57799
2,5,7,1,2,0.58335
2,5,7,1,2,0.67264
2,5,7,1,2,0.57799
2,5,7,1,2,0.58335
2,5,7,1,2,0.67264
2,5,7,2,1,0.72141
2,5,7,2,1,0.86883
2,5,7,2,1,0.78399
2,5,7,2,1,0.72141
2,5,7,2,1,0.86883
2,5,7,2,1,0.78399
2,5,7,2,2,0.82917
2,5,7,2,2,0.75279
2,5,7,2,2,0.82046
2,5,7,2,2,0.82917
2,5,7,2,2,0.75279
2,5,7,2,2,0.82046
2,5,7,3,1,0.8516
2,5,7,3,1,0.88763
2,5,7,3,1,0.8441
2,5,7,3,1,0.8516
2,5,7,3,1,0.88763
2,5,7,3,1,0.8441
2,5,7,3,2,0.92426
2,5,7,3,2,0.89743
2,5,7,3,2,0.76341
2,5,7,3,2,0.92426
2,5,7,3,2,0.89743
2,5,7,3,2,0.76341
2,7,1,1,1,0.71452
2,7,1,1,1,0.68787
2,7,1,1,1,0.60806
2,7,1,1,1,0.71452
2,7,1,1,1,0.68787
2,7,1,1,1,0.60806
2,7,1,1,2,0.6261
2,7,1,1,2,0.63354
2,7,1,1,2,0.68288
2,7,1,1,2,0.6261
2,7,1,1,2,0.63354
2,7,1,1,2,0.68288
2,7,1,2,1,0.62801
2,7,1,2,1,0.56065
2,7,1,2,1,0.73812
2,7,1,2,1,0.62801
2,7,1,2,1,0.56065
2,7,1,2,1,0.73812
2,7,1,2,2,0.76617
2,7,1,2,2,0.86738
2,7,1,2,2,0.86599
2,7,1,2,2,0.76617
2,7,1,2,2,0.86738
2,7,1,2,2,0.86599
2,7,1,3,1,0.50897
2,7,1,3,1,0.64132
2,7,1,3,1,0.70894
2,7,1,3,1,0.50897
2,7,1,3,1,0.64132
2,7,1,3,1,0.70894
2,7,1,3,2,1.0091
2,7,1,3,2,1.0334
2,7,1,3,2,0.8934
2,7,1,3,2,1.0091
2,7,1,3,2,1.0334
2,7,1,3,2,0.8934
2,7,4,1,1,0.70024
2,7,4,1,1,0.60874
2,7,4,1,1,0.66368
2,7,4,1,1,0.70024
2,7,4,1,1,0.60874
2,7,4,1,1,0.66368
2,7,4,1,2,0.53801
2,7,4,1,2,0.62577
2,7,4,1,2,0.65369
2,7,4,1,2,0.53801
2,7,4,1,2,0.62577
2,7,4,1,2,0.65369
2,7,4,2,1,0.60297
2,7,4,2,1,0.64663
2,7,4,2,1,0.65322
2,7,4,2,1,0.60297
2,7,4,2,1,0.64663
2,7,4,2,1,0.65322
2,7,4,2,2,0.84124
2,7,4,2,2,0.87697
2,7,4,2,2,0.85864
2,7,4,2,2,0.84124
2,7,4,2,2,0.87697
2,7,4,2,2,0.85864
2,7,4,3,1,0.94305
2,7,4,3,1,0.92796
2,7,4,3,1,0.91474
2,7,4,3,1,0.94305
2,7,4,3,1,0.92796
2,7,4,3,1,0.91474
2,7,4,3,2,0.84933
2,7,4,3,2,0.93817
2,7,4,3,2,1.014
2,7,4,3,2,0.84933
2,7,4,3,2,0.93817
2,7,4,3,2,1.014
2,7,7,1,1,0.64738
2,7,7,1,1,0.61771
2,7,7,1,1,0.67753
2,7,7,1,1,0.64738
2,7,7,1,1,0.61771
2,7,7,1,1,0.67753
2,7,7,1,2,0.69815
2,7,7,1,2,0.74584
2,7,7,1,2,0.54693
2,7,7,1,2,0.69815
2,7,7,1,2,0.74584
2,7,7,1,2,0.54693
2,7,7,2,1,0.81144
2,7,7,2,1,0.85384
2,7,7,2,1,0.81608
2,7,7,2,1,0.81144
2,7,7,2,1,0.85384
2,7,7,2,1,0.81608
2,7,7,2,2,0.8306
2,7,7,2,2,0.80573
2,7,7,2,2,0.80779
2,7,7,2,2,0.8306
2,7,7,2,2,0.80573
2,7,7,2,2,0.80779
2,7,7,3,1,0.92435
2,7,7,3,1,0.88986
2,7,7,3,1,0.92441
2,7,7,3,1,0.92435
2,7,7,3,1,0.88986
2,7,7,3,1,0.92441
2,7,7,3,2,0.95566
2,7,7,3,2,0.95749
2,7,7,3,2,1.0058
2,7,7,3,2,0.95566
2,7,7,3,2,0.95749
2,7,7,3,2,1.0058
2,10,1,1,1,0.63082
2,10,1,1,1,0.52522
2,10,1,1,1,0.48264
2,10,1,1,1,0.63082
2,10,1,1,1,0.52522
2,10,1,1,1,0.48264
2,10,1,1,2,0.73633
2,10,1,1,2,0.79901
2,10,1,1,2,0.73093
2,10,1,1,2,0.73633
2,10,1,1,2,0.79901
2,10,1,1,2,0.73093
2,10,1,2,1,0.5755
2,10,1,2,1,0.57356
2,10,1,2,1,0.61788
2,10,1,2,1,0.5755
2,10,1,2,1,0.57356
2,10,1,2,1,0.61788
2,10,1,2,2,0.82661
2,10,1,2,2,0.58569
2,10,1,2,2,0.65949
2,10,1,2,2,0.82661
2,10,1,2,2,0.58569
2,10,1,2,2,0.65949
2,10,1,3,1,0.68623
2,10,1,3,1,0.72923
2,10,1,3,1,0.7486
2,10,1,3,1,0.68623
2,10,1,3,1,0.72923
2,10,1,3,1,0.7486
2,10,1,3,2,0.85076
2,10,1,3,2,0.89244
2,10,1,3,2,0.97539
2,10,1,3,2,0.85076
2,10,1,3,2,0.89244
2,10,1,3,2,0.97539
2,10,4,1,1,0.57476
2,10,4,1,1,0.59565
2,10,4,1,1,0.60766
2,10,4,1,1,0.57476
2,10,4,1,1,0.59565
2,10,4,1,1,0.60766
2,10,4,1,2,0.56443
2,10,4,1,2,0.5957
2,10,4,1,2,0.66944
2,10,4,1,2,0.56443
2,10,4,1,2,0.5957
2,10,4,1,2,0.66944
2,10,4,2,1,0.53744
2,10,4,2,1,0.6695
2,10,4,2,1,0.48251
2,10,4,2,1,0.53744
2,10,4,2,1,0.6695
2,10,4,2,1,0.48251
2,10,4,2,2,0.61083
2,10,4,2,2,0.78694
2,10,4,2,2,0.59571
2,10,4,2,2,0.61083
2,10,4,2,2,0.78694
2,10,4,2,2,0.59571
2,10,4,3,1,0.73124
2,10,4,3,1,0.61449
2,10,4,3,1,0.59792
2,10,4,3,1,0.73124
2,10,4,3,1,0.61449
2,10,4,3,1,0.59792
2,10,4,3,2,0.89292
2,10,4,3,2,0.79935
2,10,4,3,2,0.78212
2,10,4,3,2,0.89292
2,10,4,3,2,0.79935
2,10,4,3,2,0.78212
2,10,7,1,1,0.53231
2,10,7,1,1,0.58899
2,10,7,1,1,0.42998
2,10,7,1,1,0.53231
2,10,7,1,1,0.58899
2,10,7,1,1,0.42998
2,10,7,1,2,0.57826
2,10,7,1,2,0.58176
2,10,7,1,2,0.41258
2,10,7,1,2,0.57826
2,10,7,1,2,0.58176
2,10,7,1,2,0.41258
2,10,7,2,1,0.56593
2,10,7,2,1,0.65041
2,10,7,2,1,0.45394
2,10,7,2,1,0.56593
2,10,7,2,1,0.65041
2,10,7,2,1,0.45394
2,10,7,2,2,0.51736
2,10,7,2,2,0.52338
2,10,7,2,2,0.55269
2,10,7,2,2,0.51736
2,10,7,2,2,0.52338
2,10,7,2,2,0.55269
2,10,7,3,1,0.64961
2,10,7,3,1,0.58188
2,10,7,3,1,0.46562
2,10,7,3,1,0.64961
2,10,7,3,1,0.58188
2,10,7,3,1,0.46562
2,10,7,3,2,0.75288
2,10,7,3,2,0.7867
2,10,7,3,2,0.78514
2,10,7,3,2,0.75288
2,10,7,3,2,0.7867
2,10,7,3,2,0.78514
