grp , pp , S , ID , Uq1R , UaccTimeR , Uq3R , UdecTimeR , UpeakVelR , UmaxangleR , UIPerfR , UcircularityR , UMTR , Uq2R , UIPerfEfR , UaccQR , Uq4R
2,1,1,1,0.6896,0.49093,0.74976,0.51077,0.20691,0.20984,9.082,0.67593,1.0089,0.63868,8.3422,1.2585,0.70781
2,1,1,1,0.9063,0.51263,0.82576,0.48827,0.19799,0.29876,4.7567,0.79171,1.1309,0.62019,4.4829,1.3408,0.65065
2,1,1,1,0.87157,0.49438,0.83012,0.50657,0.21952,0.235,5.0811,0.81635,1.0662,0.63274,5.036,1.3457,0.68547
2,1,1,2,0.85415,0.51312,0.83546,0.48847,0.26197,0.16549,6.3878,0.76567,0.65096,0.70394,6.5899,1.0235,0.73891
2,1,1,2,0.86997,0.52807,0.88775,0.47391,0.29576,0.3306,7.9076,0.83335,0.50912,0.82496,7.6632,0.91024,0.77975
2,1,1,2,0.88207,0.52682,1.0093,0.47492,0.26966,0.23183,6.938,0.81207,0.58119,0.80143,7.5213,0.93055,0.77984
2,1,1,3,0.95471,0.5075,0.9327,0.49555,0.37983,0.24703,7.9223,0.92938,0.32929,0.91285,10.721,0.98949,0.91401
2,1,1,3,0.8984,0.55642,0.90262,0.44774,0.49451,0.17599,10.831,0.88555,0.24067,0.92584,14.546,0.81507,0.88046
2,1,1,3,0.8846,0.52446,0.87834,0.47922,0.45008,0.20943,9.5724,0.89185,0.27218,0.91716,13.401,0.92163,0.85383
2,1,4,1,0.61838,0.51194,0.84342,0.48927,0.21961,0.20627,6.4315,0.68132,1.1689,0.63553,7.3364,1.2053,0.5754
2,1,4,1,0.68422,0.51714,0.72471,0.48418,0.21431,0.24918,7.0522,0.67702,1.0518,0.61438,7.4043,1.1967,0.63223
2,1,4,1,0.7707,0.5109,0.76915,0.49004,0.19837,0.60038,5.0097,0.71742,1.0695,0.52176,5.2931,1.2196,0.59592
2,1,4,2,0.78207,0.52789,0.98182,0.47365,0.2506,0.4221,6.1509,0.83566,0.6535,0.7618,6.8215,0.95309,0.8146
2,1,4,2,0.85871,0.5231,0.8992,0.47842,0.24143,0.37317,6.0858,0.85656,0.6599,0.81117,6.8823,0.9395,0.82478
2,1,4,2,0.8988,0.51609,0.88874,0.4856,0.26519,0.33509,6.7757,0.83284,0.59118,0.79759,7.1978,0.95693,0.73125
2,1,4,3,0.87923,0.60369,0.88868,0.4019,0.71634,0.17311,14.531,0.87268,0.17933,0.95531,19.425,0.67194,0.83049
2,1,4,3,0.81404,0.58503,0.88747,0.41978,0.58663,0.16533,12.522,0.85238,0.20925,0.89355,16.861,0.72513,0.85238
2,1,4,3,0.74511,0.60381,0.93454,0.40188,0.71514,0.20438,14.793,0.86131,0.17683,0.92199,21.019,0.67646,0.83239
2,1,7,1,0.59097,0.52467,0.80166,0.47654,0.15536,0.23672,6.4838,0.64089,1.4078,0.68843,7.5279,1.2447,0.62413
2,1,7,1,0.68512,0.52968,0.80218,0.47123,0.2044,0.30703,4.857,0.74908,1.1014,0.60768,5.4054,1.1553,0.65919
2,1,7,1,0.76635,0.51969,0.87816,0.48123,0.18813,0.66098,4.855,0.69176,1.1016,0.62829,5.37,1.142,0.54815
2,1,7,2,0.77638,0.54856,0.96444,0.45318,0.26647,0.29442,6.965,0.75653,0.57628,0.73881,8.2552,0.85473,0.7335
2,1,7,2,0.77977,0.52474,0.94488,0.47667,0.22361,0.29718,5.6416,0.80338,0.7151,0.74808,6.6398,0.95366,0.73308
2,1,7,2,0.78137,0.5305,0.96126,0.47111,0.2482,0.68451,6.4585,0.79096,0.62006,0.73171,7.4274,0.90429,0.873
2,1,7,3,0.72496,0.62039,0.86088,0.38539,0.74075,0.16692,15.025,0.91674,0.17345,0.93884,18.47,0.62568,0.87718
2,1,7,3,0.81737,0.5784,0.94285,0.42583,0.56713,0.16099,10.976,0.92798,0.23748,0.93575,14.297,0.7464,0.90738
2,1,7,3,0.80035,0.59469,0.9349,0.41091,0.66483,0.17765,14.544,0.90016,0.17917,0.90079,20.085,0.69927,0.89071
1,2,1,1,0.93491,0.47961,0.89896,0.52202,0.24017,0.21626,8.693,0.83172,1.1391,0.39918,9.5389,1.6074,0.54549
1,2,1,1,0.80359,0.49854,0.80766,0.50241,0.24434,0.15374,5.0116,0.62467,1.0714,0.50979,5.2903,1.3593,0.53262
1,2,1,1,0.80326,0.50401,0.83624,0.497,0.289,0.20558,5.3626,0.66187,1.0013,0.51288,5.7024,1.3523,0.47131
1,2,1,2,0.82544,0.52483,0.83502,0.47722,0.23277,0.25339,8.1803,0.7726,0.66969,0.71184,8.0729,0.97122,0.7291
1,2,1,2,0.91149,0.50734,0.82753,0.49429,0.27302,0.239,6.5231,0.83599,0.61626,0.76989,6.674,1.0292,0.77703
1,2,1,2,0.93028,0.49853,0.8372,0.50353,0.2793,0.22673,8.216,0.78762,0.58292,0.73675,7.9465,1.1042,0.69493
1,2,1,3,0.9046,0.47808,0.89133,0.52492,0.41942,0.20579,7.8035,0.9017,0.33384,0.85764,10.827,1.1031,0.90798
1,2,1,3,0.86613,0.50604,0.88117,0.49723,0.4405,0.23396,8.4849,0.8529,0.30725,0.81909,11.48,0.98721,0.89169
1,2,1,3,0.92784,0.51643,0.83472,0.48696,0.44321,0.20412,8.8017,0.88961,0.2959,0.88487,11.812,0.94699,0.87869
1,2,4,1,0.9635,0.50772,0.9176,0.4939,0.24245,0.18456,8.6234,0.90979,0.97884,0.42818,8.9591,1.6626,0.53501
1,2,4,1,0.91304,0.50395,0.87774,0.49777,0.24337,0.24795,9.1663,0.88593,0.82674,0.50896,9.5913,1.5725,0.53474
1,2,4,1,0.88389,0.51207,0.8095,0.4893,0.34442,0.20343,7.2912,0.70356,0.73396,0.54646,7.5706,1.3388,0.52476
1,2,4,2,0.84564,0.49326,0.82532,0.50944,0.34681,0.22171,10.806,0.79948,0.41097,0.79168,11.428,1.0515,0.7965
1,2,4,2,0.79069,0.50893,0.83516,0.49426,0.40933,0.15433,12.785,0.84433,0.34405,0.86466,12.31,0.98642,0.81168
1,2,4,2,0.82695,0.51122,0.83496,0.49175,0.45976,0.19356,11.847,0.84793,0.34283,0.85366,12.036,0.98399,0.83885
1,2,4,3,0.8709,0.53737,0.84986,0.46801,0.70195,0.18853,13.989,0.903,0.18775,0.96498,18.795,0.88065,0.91396
1,2,4,3,0.80625,0.51022,0.86021,0.49385,0.56392,0.18766,10.599,0.88601,0.25193,0.91488,13.373,0.99125,0.84037
1,2,4,3,0.81799,0.50964,0.84246,0.49543,0.70216,0.073633,13.179,0.86702,0.19952,0.92649,17.388,1.0005,0.91268
1,2,7,1,0.93337,0.48648,0.85371,0.51637,0.15948,0.25831,15.163,0.83296,0.68833,0.67222,14.305,1.3022,0.70277
1,2,7,1,0.75861,0.4919,0.6822,0.50939,0.21842,0.23431,6.8528,0.74255,0.77929,0.66572,6.8991,1.2065,0.62689
1,2,7,1,0.7541,0.48551,0.71951,0.51624,0.19814,0.28807,9.2971,0.7549,0.79776,0.71528,8.5806,1.1483,0.6734
1,2,7,2,0.77598,0.51079,0.83213,0.49212,0.43642,0.16246,11.635,0.84706,0.34535,0.8696,12.418,0.98092,0.85552
1,2,7,2,0.75675,0.527,0.85564,0.47589,0.42901,0.21279,11.558,0.82047,0.34752,0.84223,12.38,0.91714,0.81771
1,2,7,2,0.8063,0.51367,0.863,0.48964,0.45048,0.17092,13.269,0.85075,0.31143,0.84016,12.823,0.98584,0.88252
1,2,7,3,0.78791,0.53337,0.7861,0.47148,0.64352,0.10631,12.596,0.84912,0.21634,0.85807,13.623,0.89951,0.85427
1,2,7,3,0.78789,0.54639,0.79905,0.46008,0.74683,0.13796,16.813,0.82734,0.1675,0.92154,18.89,0.86989,0.77742
1,2,7,3,0.86525,0.5518,0.9221,0.45432,0.73489,0.18728,15.903,0.88925,0.1639,0.92231,20.74,0.82831,0.86875
1,3,1,1,0.62417,0.49438,0.67717,0.50997,0.16517,0.35571,23.161,0.64743,0.76146,0.58215,21.82,1.1099,0.5428
1,3,1,1,0.8303,0.49112,0.6345,0.51185,0.20278,0.3061,15.817,0.66357,0.86825,0.56639,14.544,1.1419,0.58184
1,3,1,1,0.76937,0.50991,0.68747,0.49238,0.21899,0.25466,12.202,0.6645,0.95396,0.56294,12.777,1.0853,0.57951
1,3,1,2,0.79463,0.52116,0.85177,0.48084,0.22949,0.26895,7.9862,0.77388,0.7526,0.70325,7.9581,1.0295,0.66128
1,3,1,2,0.88378,0.49205,0.74493,0.51001,0.25085,0.38621,8.2317,0.78586,0.67746,0.68167,8.6711,1.1204,0.73842
1,3,1,2,0.91381,0.49003,0.85903,0.51164,0.25837,0.46566,6.6703,0.77218,0.67835,0.59769,6.7857,1.1585,0.7091
1,3,1,3,0.80975,0.50966,0.85804,0.4922,0.27768,0.13586,4.8488,0.79798,0.55437,0.82268,6.4624,1.0361,0.77592
1,3,1,3,0.88868,0.48493,0.83375,0.51735,0.31755,0.24362,5.9108,0.81777,0.44181,0.81904,7.7727,1.0959,0.7839
1,3,1,3,0.86104,0.52294,0.79933,0.47991,0.34574,0.23777,7.4071,0.84612,0.35307,0.8172,11.159,0.93664,0.83004
1,3,4,1,0.57316,0.52287,0.61607,0.48272,0.20357,0.1648,29.732,0.63411,0.63004,0.62873,26.712,1.0026,0.57438
1,3,4,1,0.57316,0.49508,0.63275,0.50705,0.24976,0.42744,11.336,0.58247,0.84942,0.58811,10.817,1.1097,0.56444
1,3,4,1,0.71251,0.49003,0.7547,0.51348,0.22548,0.37979,18.699,0.70781,0.70439,0.62174,18.073,1.1327,0.61744
1,3,4,2,0.68915,0.52819,0.86158,0.47662,0.26191,0.31769,19.235,0.78047,0.4997,0.71941,20.19,0.97885,0.59815
1,3,4,2,0.66288,0.5319,0.89381,0.47224,0.31561,0.27528,16.552,0.69626,0.5236,0.66383,18.741,0.95217,0.64626
1,3,4,2,0.66312,0.52141,0.85716,0.48107,0.29872,0.33468,9.9241,0.72716,0.58594,0.66337,10.684,0.97484,0.62552
1,3,4,3,0.75639,0.55507,0.90841,0.44796,0.42872,0.16884,7.8682,0.80265,0.34285,0.88073,9.9409,0.81933,0.78006
1,3,4,3,0.87316,0.54696,0.94399,0.45616,0.41073,0.26387,8.1061,0.88326,0.32134,0.84937,11.128,0.83773,0.84585
1,3,4,3,0.89602,0.54087,0.9138,0.46218,0.41381,0.28393,7.9177,0.90228,0.32883,0.89076,11.382,0.86001,0.79561
1,3,7,1,0.54101,0.49118,0.62582,0.51216,0.2253,0.26726,17.758,0.59289,0.72244,0.62868,16.032,1.1265,0.54694
1,3,7,1,0.57462,0.49676,0.63346,0.50627,0.24614,0.43459,16.136,0.65855,0.72575,0.53633,15.597,1.0873,0.56442
1,3,7,1,0.61988,0.51619,0.79213,0.48726,0.24489,0.30816,18.356,0.68477,0.71216,0.68559,16.735,1.0048,0.63834
1,3,7,2,0.64247,0.51623,0.70226,0.48554,0.34743,0.30756,7.0684,0.70344,0.57792,0.65404,7.6994,0.97821,0.69747
1,3,7,2,0.82633,0.52772,0.76545,0.47435,0.38145,0.36141,8.2666,0.76984,0.48631,0.73386,8.8227,0.92559,0.74654
1,3,7,2,0.70458,0.5166,0.7951,0.48537,0.35618,0.40619,7.8523,0.71281,0.51216,0.66726,8.6157,0.95833,0.674
1,3,7,3,0.87102,0.55804,0.95404,0.44535,0.45899,0.21311,8.804,0.89481,0.29793,0.86871,12.267,0.80415,0.86327
1,3,7,3,0.868,0.56982,0.93223,0.43321,0.43458,0.17911,7.8815,0.87904,0.33129,0.88487,10.064,0.76596,0.87395
1,3,7,3,0.93478,0.55765,0.8517,0.44574,0.47276,0.2509,8.8036,0.89728,0.29664,0.87589,12.178,0.80602,0.85497
2,4,1,1,0.80376,0.53092,0.94652,0.47062,0.21031,0.19069,8.2145,0.70762,0.84354,0.65374,8.0656,1.1089,0.59936
2,4,1,1,0.9908,0.51816,0.99844,0.48297,0.20551,0.46837,6.0346,0.82728,0.88482,0.62102,5.8933,1.1784,0.65394
2,4,1,1,0.93363,0.51801,0.95467,0.48307,0.19452,0.32333,5.7492,0.81137,0.93013,0.67367,5.5123,1.2098,0.68249
2,4,1,2,0.9059,0.53436,0.8786,0.46751,0.28874,0.23918,7.4636,0.86085,0.58126,0.72369,7.6935,0.91008,0.82717
2,4,1,2,0.99632,0.5257,0.91944,0.47609,0.29911,0.32366,7.1931,0.84915,0.55808,0.78015,7.4525,0.95231,0.82547
2,4,1,2,0.89939,0.51062,0.88748,0.49114,0.27666,0.33712,7.0232,0.82184,0.57138,0.75091,8.0535,0.98954,0.80034
2,4,1,3,0.74046,0.54542,0.85903,0.45766,0.5368,0.17976,7.9928,0.79799,0.33055,0.7716,11.145,0.84623,0.74675
2,4,1,3,0.76044,0.55508,0.7475,0.44829,0.54433,0.16589,8.7706,0.81096,0.30972,0.89056,11.417,0.80996,0.84123
2,4,1,3,0.88449,0.53981,0.82275,0.46379,0.5639,0.11931,9.3549,0.82425,0.28174,0.84847,10.648,0.86438,0.8927
2,4,4,1,0.63952,0.5195,0.7534,0.48151,0.21724,0.19065,5.3957,0.62474,0.99873,0.58212,5.6342,1.1216,0.63972
2,4,4,1,0.8121,0.52684,0.82248,0.47423,0.21513,0.31964,5.6895,0.70887,0.94357,0.57848,6.0575,1.1462,0.60987
2,4,4,1,0.79772,0.51912,0.87729,0.48188,0.19297,0.36102,5.3435,0.72891,1.0037,0.65462,5.4763,1.2209,0.64635
2,4,4,2,0.7491,0.52642,0.80691,0.47519,0.27034,0.50868,6.4499,0.79445,0.62265,0.75646,7.5056,0.93001,0.75379
2,4,4,2,0.90936,0.52691,0.89601,0.4748,0.28658,0.57469,6.8055,0.8293,0.58974,0.69131,7.2602,0.92209,0.80845
2,4,4,2,0.67855,0.52892,0.92153,0.47276,0.27862,0.64215,6.714,0.74989,0.59788,0.64979,8.0287,0.91167,0.7323
2,4,4,3,0.90768,0.53754,0.89274,0.46613,0.5596,0.1607,9.5332,0.87107,0.27463,0.84601,13.425,0.87114,0.83191
2,4,4,3,0.827,0.53968,0.85417,0.46445,0.60943,0.20448,10.735,0.84674,0.24308,0.8916,14.666,0.86462,0.81927
2,4,4,3,0.87593,0.53491,0.9347,0.46902,0.57237,0.21746,10.22,0.89194,0.25581,0.93398,12.67,0.88025,0.80676
2,4,7,1,0.85914,0.55126,0.95315,0.44975,0.19227,0.68552,5.3507,0.77628,1.0101,0.61608,5.6623,1.0191,0.71407
2,4,7,1,0.94383,0.53779,0.9625,0.46394,0.18228,0.78949,9.224,0.78612,0.95924,0.56265,9.8419,1.0695,0.72185
2,4,7,1,0.98956,0.53941,0.99917,0.46164,0.2052,0.48316,5.5732,0.82997,0.97052,0.61833,5.9251,1.1597,0.70984
2,4,7,2,0.84829,0.51584,0.88173,0.48588,0.28006,0.35008,6.8572,0.77164,0.58688,0.76707,7.6291,0.96676,0.74701
2,4,7,2,0.83491,0.51423,0.87441,0.48769,0.31794,0.50386,7.6607,0.80197,0.52383,0.72985,8.3987,0.96637,0.85004
2,4,7,2,0.81104,0.50704,0.83922,0.49506,0.33978,0.3915,8.4043,0.77624,0.47732,0.68573,9.4318,0.9909,0.81385
2,4,7,3,0.89989,0.5253,0.87481,0.47815,0.5629,0.31721,8.9552,0.87916,0.29317,0.89937,12.927,0.91367,0.74515
2,4,7,3,0.83973,0.53359,0.90997,0.47063,0.60308,0.19936,10.964,0.84283,0.2387,0.85333,16.846,0.88526,0.82784
2,4,7,3,0.89204,0.55131,0.92092,0.45355,0.64984,0.21057,12.655,0.88761,0.2059,0.88898,16.525,0.82702,0.86321
2,5,1,1,0.75703,0.48821,0.628,0.51334,0.16883,0.2173,8.2145,0.63399,1.1552,0.56899,8.4914,1.277,0.64177
2,5,1,1,0.67323,0.49544,0.83847,0.50607,0.15131,0.19015,8.0046,0.7568,1.2126,0.63248,8.4349,1.255,0.65771
2,5,1,1,0.78675,0.49432,0.74872,0.50773,0.15341,0.34097,10.889,0.7469,1.0646,0.63243,10.704,1.2463,0.58536
2,5,1,2,0.81305,0.51258,0.92461,0.48956,0.19274,0.18164,8.5286,0.74885,0.74183,0.7073,7.5039,1.0639,0.68016
2,5,1,2,0.83696,0.50324,0.86563,0.49817,0.20702,0.29532,5.6264,0.82616,0.78713,0.67579,5.8404,1.0866,0.71139
2,5,1,2,0.62837,0.51429,0.66327,0.48823,0.18922,0.31061,10.09,0.72025,0.76503,0.57199,8.6487,1.062,0.62918
2,5,1,3,0.80482,0.50532,0.79405,0.49663,0.27648,0.2512,5.068,0.77844,0.5152,0.78327,6.8464,1.0005,0.76947
2,5,1,3,0.78671,0.51843,0.87243,0.48358,0.28651,0.23141,5.2272,0.83502,0.4984,0.78841,7.0151,0.9404,0.83502
2,5,1,3,0.9258,0.5243,0.82653,0.4777,0.28688,0.18319,5.1867,0.8606,0.50302,0.81742,7.4382,0.92191,0.86615
2,5,4,1,0.69504,0.50909,0.66424,0.493,0.1914,0.21101,11.134,0.69777,0.91131,0.65837,9.9576,1.0826,0.61051
2,5,4,1,0.84172,0.51912,0.91949,0.48223,0.18799,0.20891,7.1633,0.64659,1.0953,0.59784,6.9114,1.1686,0.56427
2,5,4,1,0.71877,0.52167,0.85812,0.47934,0.20578,0.28656,5.3265,0.73883,1.005,0.68578,5.4685,1.0437,0.62224
2,5,4,2,0.77274,0.51652,0.76397,0.48531,0.30601,0.25769,7.305,0.79149,0.54975,0.78971,7.854,0.94559,0.81341
2,5,4,2,0.8054,0.52241,0.84681,0.47934,0.28782,0.26216,6.9663,0.80075,0.57693,0.78698,7.764,0.93083,0.77049
2,5,4,2,0.86155,0.51565,0.88453,0.48637,0.32802,0.41383,8.1114,0.82665,0.49407,0.79369,8.8023,0.95471,0.71823
2,5,4,3,0.88016,0.53549,0.88763,0.46784,0.44635,0.26266,8.6494,0.88171,0.30136,0.90841,12.924,0.87805,0.88215
2,5,4,3,0.81313,0.53504,0.87734,0.46852,0.45114,0.21201,9.2384,0.88254,0.2822,0.90125,12.269,0.88329,0.81151
2,5,4,3,0.82874,0.53471,0.85559,0.46898,0.48037,0.14924,9.5982,0.86875,0.27169,0.91447,13.345,0.88578,0.83875
2,5,7,1,0.5232,0.53547,0.74796,0.46578,0.2223,0.27775,6.6557,0.71339,0.84512,0.64495,5.3843,0.94745,0.66019
2,5,7,1,0.62567,0.51594,0.77075,0.48554,0.25805,0.41268,7.8554,0.62302,0.7269,0.64145,7.4112,1.0207,0.57504
2,5,7,1,0.61318,0.51628,0.75415,0.48545,0.24707,0.57708,9.1954,0.71784,0.69854,0.62352,7.7559,0.9874,0.63026
2,5,7,2,0.84284,0.5281,0.82339,0.47428,0.35256,0.15566,9.4885,0.77688,0.43567,0.85681,6.464,0.91419,0.67102
2,5,7,2,0.82466,0.52839,0.90037,0.4741,0.39254,0.43308,9.9648,0.83863,0.40226,0.82395,10.399,0.90282,0.78079
2,5,7,2,0.84596,0.52046,0.88685,0.48211,0.39294,0.3616,10.265,0.83802,0.39026,0.79868,11.049,0.93366,0.83747
2,5,7,3,0.84887,0.53854,0.88168,0.46487,0.44088,0.24862,8.8509,0.81149,0.29509,0.91182,11.263,0.86943,0.79725
2,5,7,3,0.85166,0.53889,0.9611,0.46462,0.47566,0.28647,9.124,0.84731,0.28569,0.84095,12.967,0.86532,0.83125
2,5,7,3,0.86385,0.54064,0.93686,0.46294,0.47957,0.21966,9.3189,0.85973,0.27948,0.88233,12.32,0.86126,0.84146
1,6,1,1,0.79089,0.48239,0.8727,0.51975,0.14695,0.32986,11.392,0.73172,1.2299,0.67481,12.06,1.3785,0.59847
1,6,1,1,0.8353,0.50575,0.85104,0.49473,0.099285,0.21271,2.5262,0.73944,2.1759,0.60574,2.7447,1.3348,0.61979
1,6,1,1,0.90163,0.49606,0.82917,0.50467,0.13747,0.43844,3.8502,0.82782,1.3968,0.68557,3.8574,1.2245,0.68423
1,6,1,2,0.84831,0.48209,0.74354,0.51915,0.15435,0.24002,4.9598,0.81252,1.0603,0.71818,4.2329,1.26,0.60449
1,6,1,2,0.85516,0.45118,0.88467,0.55143,0.17492,0.19907,10.431,0.77959,0.85626,0.68182,10.315,1.3463,0.71621
1,6,1,2,0.74911,0.49336,0.62161,0.51116,0.069134,0.33189,18.112,0.60554,0.65332,0.70615,9.1472,1.1532,0.62861
1,6,1,3,0.74264,0.48668,0.71408,0.51491,0.1838,0.11402,4.1214,0.72817,0.87422,0.76076,5.5924,1.2186,0.7218
1,6,1,3,0.90573,0.47659,0.83754,0.52442,0.15596,0.2494,2.6195,0.79895,1.0026,0.77101,3.6601,1.1753,0.77552
1,6,1,3,0.83307,0.48157,0.80916,0.51949,0.17032,0.19583,2.7547,0.826,0.95233,0.77714,4.4146,1.2634,0.77815
1,6,4,1,0.77533,0.47736,0.7623,0.5239,0.18327,0.44769,6.6915,0.65832,1.0896,0.59887,6.7117,1.2125,0.60522
1,6,4,1,0.70285,0.49342,0.65961,0.5098,0.14644,0.23806,17.152,0.68312,0.98255,0.64199,18.097,1.1514,0.64663
1,6,4,1,0.66224,0.48203,0.73873,0.52113,0.15654,0.43332,16.85,0.67825,0.97314,0.57824,17.931,1.1781,0.5991
1,6,4,2,0.82765,0.48256,0.7582,0.51919,0.20154,0.29441,7.0047,0.74281,0.89021,0.7047,8.0672,1.1303,0.69912
1,6,4,2,0.72537,0.4692,0.71293,0.53219,0.25004,0.40997,5.5358,0.72256,0.72779,0.74077,6.5299,1.1462,0.67575
1,6,4,2,0.86479,0.47669,0.68322,0.52466,0.23951,0.43842,5.3852,0.77841,0.74793,0.74155,6.0728,1.1121,0.78405
1,6,4,3,0.83352,0.49233,0.88638,0.50933,0.2743,0.27036,4.3342,0.83941,0.60126,0.8031,5.7092,1.051,0.81931
1,6,4,3,0.78409,0.51405,0.8027,0.48768,0.27286,0.3526,4.5201,0.7566,0.57593,0.80309,7.3291,0.95392,0.76773
1,6,4,3,0.86256,0.50162,0.8225,0.50006,0.27007,0.2512,4.3543,0.8272,0.59886,0.86977,5.4266,1.0061,0.83154
1,6,7,1,0.67443,0.49,0.68199,0.51375,0.14794,0.2552,19.968,0.64599,1.0098,0.61395,23.042,1.1987,0.61341
1,6,7,1,0.66731,0.48698,0.60153,0.51623,0.15306,0.18348,17.06,0.67079,1.035,0.65745,19.096,1.2271,0.62127
1,6,7,1,0.81647,0.4668,0.67944,0.53639,0.1658,0.21087,17.025,0.68205,0.98557,0.6697,18.217,1.3034,0.58605
1,6,7,2,0.75252,0.46682,0.65807,0.53466,0.2568,0.41902,5.8977,0.79429,0.68538,0.78629,7.2307,1.1549,0.81247
1,6,7,2,0.80791,0.47651,0.73681,0.52504,0.26712,0.40328,6.1987,0.7698,0.64961,0.7802,7.7709,1.1182,0.69426
1,6,7,2,0.82371,0.45346,0.71871,0.54809,0.26622,0.2588,6.1947,0.80599,0.6529,0.79523,6.9165,1.2312,0.80959
1,6,7,3,0.86147,0.48703,0.89578,0.51457,0.2524,0.24569,4.1504,0.77178,0.62814,0.79012,6.5813,1.0645,0.77686
1,6,7,3,0.95984,0.48627,0.82309,0.51549,0.27355,0.32519,4.5656,0.8492,0.57091,0.88872,7.3097,1.0763,0.82791
1,6,7,3,0.93933,0.46725,0.77408,0.53456,0.27656,0.4218,4.6939,0.79396,0.55598,0.82122,7.1483,1.1568,0.76616
2,7,1,1,0.82276,0.49888,0.88781,0.50215,0.13436,0.24717,5.4584,0.7199,1.2677,0.64087,5.1843,1.2708,0.6756
2,7,1,1,0.62447,0.50667,0.75451,0.49546,0.13846,0.18462,11.317,0.70632,1.0886,0.67709,10.444,1.1439,0.69902
2,7,1,1,0.82038,0.49875,0.82526,0.50313,0.14013,0.4049,9.9829,0.73339,1.0143,0.62495,9.6705,1.1617,0.70317
2,7,1,2,0.90008,0.51281,0.80404,0.48855,0.16818,0.31351,5.4309,0.83869,0.86267,0.75987,5.325,1.0689,0.81081
2,7,1,2,0.84295,0.5001,0.87321,0.50153,0.1849,0.276,6.5256,0.81237,0.75428,0.74878,6.0836,1.0619,0.75698
2,7,1,2,0.81836,0.50925,0.88535,0.49226,0.22986,0.19663,6.0466,0.84626,0.66877,0.7964,6.3447,0.99299,0.87184
2,7,1,3,0.75989,0.54666,0.78126,0.45613,0.41519,0.11751,7.2535,0.83227,0.36807,0.91353,9.8095,0.84234,0.83202
2,7,1,3,0.77348,0.54295,0.87166,0.46037,0.46164,0.13966,8.6184,0.83109,0.30786,0.83572,11.95,0.85524,0.88086
2,7,1,3,0.89379,0.54687,0.85849,0.45701,0.53241,0.1937,10.083,0.88118,0.26036,0.93337,12.168,0.84827,0.9231
2,7,4,1,0.68964,0.51522,0.74612,0.48601,0.14729,0.48922,6.5672,0.71155,1.246,0.63598,7.0169,1.1007,0.54216
2,7,4,1,0.67702,0.4932,0.74101,0.50759,0.15746,0.41942,4.2202,0.69868,1.2678,0.53976,4.7745,1.1981,0.61237
2,7,4,1,0.76216,0.48928,0.77781,0.51173,0.18251,0.4986,5.3923,0.70302,0.99189,0.55123,5.5228,1.1597,0.62741
2,7,4,2,0.85235,0.5339,0.84991,0.46812,0.31098,0.19697,8.0759,0.8252,0.50102,0.79311,9.1311,0.883,0.82532
2,7,4,2,0.73082,0.53808,0.83075,0.46413,0.33589,0.15422,8.8641,0.81498,0.46383,0.83579,8.6641,0.87313,0.75901
2,7,4,2,0.82985,0.52586,0.84435,0.47634,0.34308,0.21848,8.826,0.88774,0.45616,0.88185,8.8205,0.91152,0.87378
2,7,4,3,0.8481,0.52555,0.88108,0.47771,0.44917,0.22806,8.4722,0.88108,0.30748,0.87904,9.8513,0.91382,0.87137
2,7,4,3,0.89758,0.53964,0.91791,0.46607,0.72549,0.14959,14.862,0.90755,0.17798,0.9295,15.646,0.87797,0.83964
2,7,4,3,0.91218,0.51121,0.88028,0.49295,0.56228,0.20753,10.809,0.93042,0.24116,0.94988,12.127,0.98013,0.90911
2,7,7,1,0.63302,0.51592,0.68364,0.48525,0.16412,0.33494,6.2239,0.68984,1.1495,0.69034,6.8958,1.0378,0.53343
2,7,7,1,0.67158,0.51037,0.63015,0.49049,0.18734,0.31509,4.5871,0.65484,1.1706,0.62463,4.9709,1.089,0.64032
2,7,7,1,0.72354,0.49194,0.69621,0.50895,0.16914,0.46302,4.7488,0.70758,1.1244,0.59551,5.3567,1.1465,0.70165
2,7,7,2,0.89159,0.50716,0.92659,0.49459,0.273,0.23414,7.0016,0.8325,0.575,0.81636,7.579,0.9806,0.85909
2,7,7,2,0.8015,0.52643,0.8482,0.47585,0.35065,0.16458,9.1017,0.83853,0.44552,0.85671,9.9821,0.90801,0.78733
2,7,7,2,0.83944,0.51848,0.84841,0.48377,0.35252,0.39175,9.0056,0.79247,0.4457,0.80657,10.377,0.93608,0.71215
2,7,7,3,0.89757,0.52118,0.98633,0.48251,0.48232,0.2497,9.5953,0.93053,0.27183,0.89243,11.735,0.92961,0.93053
2,7,7,3,0.88236,0.51539,0.91362,0.48864,0.50598,0.17937,10.494,0.90269,0.25718,0.91697,12.16,0.95251,0.87906
2,7,7,3,0.83478,0.55378,0.8841,0.4527,0.78983,0.17454,16.843,0.86342,0.15466,0.92475,21.092,0.83405,0.87757
1,8,1,1,0.85016,0.5203,0.69929,0.48168,0.23823,0.21869,10.517,0.59256,0.96037,0.54005,10.598,1.1113,0.6925
1,8,1,1,0.75033,0.50318,0.6773,0.49925,0.23314,0.15881,12.928,0.56747,0.83452,0.59218,12.516,1.2797,0.62947
1,8,1,1,0.88404,0.50857,0.64088,0.49326,0.28737,0.33822,9.7673,0.68852,0.86538,0.49841,9.9202,1.2201,0.66341
1,8,1,2,0.76362,0.50056,0.66478,0.50126,0.38842,0.25299,7.269,0.70434,0.56586,0.68,7.7039,1.029,0.75762
1,8,1,2,0.88359,0.48712,0.70975,0.51482,0.33415,0.20238,7.7515,0.79374,0.52382,0.72936,8.1431,1.1042,0.80523
1,8,1,2,0.88425,0.48425,0.66446,0.5173,0.30143,0.23625,6.1928,0.76293,0.64967,0.70447,6.335,1.17,0.7518
1,8,1,3,0.79674,0.5288,0.93826,0.47567,0.66288,0.18449,11.633,0.9072,0.22388,0.9614,10.188,0.92176,0.82377
1,8,1,3,0.96461,0.56726,0.9079,0.4379,0.69526,0.19553,13.394,0.94092,0.19425,0.91581,19.273,0.78751,0.95905
1,8,1,3,0.87941,0.51015,0.79246,0.49396,0.56412,0.21284,10.687,0.83592,0.24436,0.85091,13.718,0.98802,0.86499
1,8,4,1,0.84631,0.48009,0.8096,0.52086,0.21736,0.40151,5.0652,0.65239,1.0588,0.50079,5.1897,1.3986,0.5886
1,8,4,1,0.65124,0.49637,0.77413,0.50492,0.21067,0.23895,6.8752,0.65639,1.1497,0.58912,6.8935,1.309,0.59403
1,8,4,1,0.8717,0.48175,0.92418,0.51956,0.20827,0.46854,7.0127,0.69611,1.0999,0.54609,6.8708,1.4891,0.71014
1,8,4,2,0.91517,0.47733,0.81858,0.52446,0.27267,0.22494,7.1492,0.77937,0.62305,0.70309,7.397,1.2622,0.73401
1,8,4,2,0.90619,0.49222,0.86988,0.5102,0.36809,0.16143,9.6765,0.86576,0.41984,0.88219,9.3294,1.0456,0.85187
1,8,4,2,0.81695,0.48841,0.80451,0.51309,0.24835,0.3583,5.9792,0.77421,0.67179,0.69008,6.5134,1.1543,0.75591
1,8,4,3,0.83107,0.60027,0.82778,0.40553,0.8358,0.19961,15.078,0.84201,0.17269,0.90208,14.947,0.6846,0.77749
1,8,4,3,0.86025,0.58662,0.9269,0.41834,0.66968,0.17857,12.88,0.92106,0.2021,0.93233,18.114,0.72466,0.82983
1,8,4,3,0.80612,0.58118,0.84251,0.42397,0.69821,0.16385,13.395,0.8499,0.19426,0.84069,17.241,0.74766,0.85819
1,8,7,1,0.74699,0.48193,0.68417,0.51975,0.24428,0.36779,8.9136,0.63926,0.87763,0.55692,8.9222,1.2464,0.62978
1,8,7,1,0.81757,0.4748,0.74058,0.52695,0.26053,0.38435,9.3159,0.69179,0.82859,0.62474,9.5494,1.3541,0.61637
1,8,7,1,0.76004,0.48318,0.6722,0.5182,0.23776,0.33581,7.3211,0.64989,0.87689,0.57599,7.1484,1.3112,0.62043
1,8,7,2,0.91291,0.47552,0.8619,0.5263,0.29417,0.24164,7.2681,0.80762,0.5555,0.70918,7.4288,1.1466,0.78074
1,8,7,2,0.90145,0.48028,0.80533,0.52196,0.34389,0.39632,8.941,0.83893,0.44868,0.82455,10.043,1.091,0.83266
1,8,7,2,0.92359,0.48566,0.88542,0.51656,0.34865,0.1869,8.8842,0.84553,0.45224,0.79616,9.4246,1.0736,0.81584
1,8,7,3,0.85421,0.57697,0.89078,0.42888,0.79218,0.16438,15.201,0.91228,0.17136,0.9075,15.432,0.7608,0.9194
1,8,7,3,0.86002,0.59046,0.98649,0.41511,0.73677,0.19393,14.49,0.88983,0.17993,0.9419,20.078,0.71933,0.86684
1,8,7,3,0.78648,0.57524,0.88612,0.43032,0.72367,0.16725,14.471,0.89942,0.17998,0.95834,18.325,0.7643,0.92304
1,9,1,1,0.79572,0.4571,0.65927,0.54384,0.17915,0.2842,5.0221,0.72312,1.0719,0.6233,4.8589,1.3078,0.61967
1,9,1,1,0.71128,0.47603,0.63181,0.52491,0.19152,0.25189,5.0366,0.71183,1.0699,0.63898,5.0012,1.2436,0.66358
1,9,1,1,0.70663,0.48596,0.62847,0.51512,0.18869,0.31955,5.7297,0.69637,1.0147,0.54534,5.2202,1.2789,0.61828
1,9,1,2,0.89196,0.51397,0.89793,0.48777,0.28045,0.37277,6.9571,0.8322,0.57828,0.73582,6.5417,0.99063,0.77171
1,9,1,2,0.87388,0.49907,0.88221,0.50262,0.2747,0.25757,6.7592,0.84234,0.59489,0.74192,7.1491,1.0539,0.73656
1,9,1,2,0.92553,0.49179,0.85055,0.51049,0.21539,0.35347,9.1147,0.83632,0.66996,0.71054,9.651,1.0949,0.78022
1,9,1,3,0.84751,0.51379,0.87115,0.4883,0.25909,0.18373,5.4481,0.87792,0.47943,0.87258,6.7242,0.9606,0.81346
1,9,1,3,0.81784,0.511,0.90798,0.49155,0.31197,0.16368,6.627,0.8489,0.39312,0.87703,8.4869,0.96978,0.85286
1,9,1,3,0.86903,0.51923,0.87965,0.48347,0.32738,0.18888,7.0037,0.85807,0.37205,0.85277,9.9926,0.93758,0.8649
1,9,4,1,0.64749,0.50973,0.76441,0.49132,0.23037,0.22405,5.568,0.60766,0.96807,0.61275,5.6847,1.1793,0.56687
1,9,4,1,0.73009,0.49534,0.79184,0.50586,0.24877,0.28753,6.4089,0.73906,0.8366,0.63236,6.44,1.2212,0.57722
1,9,4,1,0.67245,0.50252,0.72277,0.49865,0.24696,0.14217,6.2109,0.65208,0.866,0.64715,6.148,1.1946,0.6478
1,9,4,2,0.8204,0.51287,0.90568,0.4892,0.32496,0.44053,8.2661,0.82837,0.4855,0.75805,9.4377,0.97009,0.70757
1,9,4,2,0.81419,0.50798,0.81664,0.49402,0.32596,0.40077,8.008,0.73581,0.50062,0.69982,8.7467,0.99682,0.67473
1,9,4,2,0.86286,0.51672,0.94767,0.48534,0.33434,0.34305,8.2145,0.83715,0.48827,0.66476,8.8052,0.95863,0.76963
1,9,4,3,0.89157,0.51605,0.88336,0.48756,0.48082,0.19049,9.3808,0.90067,0.27774,0.87509,12.811,0.95863,0.89079
1,9,4,3,0.94319,0.50558,0.81069,0.49841,0.4768,0.17591,10.377,0.91325,0.25089,0.92393,13.202,1.0063,0.8935
1,9,4,3,0.81385,0.5143,0.92647,0.48909,0.43647,0.17442,8.8126,0.9196,0.29573,0.91235,10.385,0.95889,0.85699
1,9,7,1,0.73498,0.49836,0.75508,0.50273,0.23317,0.30387,5.8388,0.69475,0.92183,0.56679,5.4666,1.2028,0.53885
1,9,7,1,0.83399,0.49414,0.78674,0.50701,0.22196,0.49235,6.0974,0.71225,0.87758,0.61534,6.0398,1.2023,0.61859
1,9,7,1,0.81109,0.48216,0.83547,0.51889,0.2102,0.36293,5.5757,0.79416,0.96074,0.6211,5.6312,1.3577,0.62317
1,9,7,2,0.78832,0.50057,0.86704,0.50119,0.30618,0.23498,7.0291,0.77014,0.57619,0.71408,7.5794,1.0494,0.60776
1,9,7,2,0.83969,0.51796,0.88503,0.48428,0.36491,0.25001,8.9503,0.8053,0.45011,0.76935,9.1513,0.94786,0.80373
1,9,7,2,0.85694,0.51853,0.843,0.48351,0.33002,0.2931,8.1932,0.80847,0.49037,0.75706,9.1626,0.94876,0.77965
1,9,7,3,0.85478,0.50446,0.8309,0.49924,0.48317,0.15365,9.6256,0.87952,0.27157,0.9023,11.667,1.0044,0.86012
1,9,7,3,0.8242,0.5143,0.90714,0.49018,0.51642,0.20754,11.642,0.88718,0.2239,0.91392,16.291,0.97735,0.90369
1,9,7,3,0.81065,0.50705,0.90916,0.4968,0.4839,0.14857,10.026,0.88055,0.25971,0.90692,12.542,1.004,0.92749
2,10,1,1,0.78217,0.49972,0.77949,0.50195,0.16017,0.38789,8.9178,0.77288,1.0548,0.59327,8.255,1.1462,0.62664
2,10,1,1,0.77389,0.50333,0.8192,0.49861,0.15001,0.26058,10.339,0.66285,1.0068,0.63816,9.0313,1.0717,0.58959
2,10,1,1,0.81318,0.52937,0.90387,0.47275,0.14677,0.22022,11.298,0.69013,1.0957,0.633,9.9215,1.059,0.746
2,10,1,2,0.90179,0.48629,0.7515,0.51492,0.19803,0.22803,4.8516,0.75347,0.91083,0.64318,4.3735,1.1218,0.74206
2,10,1,2,0.89084,0.5087,0.85227,0.49262,0.22231,0.45472,5.2588,0.82499,0.76326,0.67892,5.4865,0.99675,0.7352
2,10,1,2,0.83955,0.51518,0.87141,0.48634,0.25504,0.32571,6.054,0.79426,0.66257,0.78999,6.1116,0.95909,0.79757
2,10,1,3,0.91546,0.4957,0.83581,0.50595,0.26158,0.38334,4.2986,0.83739,0.60637,0.78452,6.0696,1.0349,0.87182
2,10,1,3,0.81876,0.49622,0.77874,0.50547,0.25606,0.24611,4.412,0.79652,0.59052,0.78267,5.6958,1.0255,0.85971
2,10,1,3,0.85954,0.52263,0.84735,0.47898,0.22922,0.23374,4.192,0.81229,0.62366,0.77312,6.5501,0.93466,0.83221
2,10,4,1,0.86773,0.52568,0.70751,0.47745,0.16285,0.26108,16.641,0.69889,0.96585,0.5759,19.376,1.1851,0.61188
2,10,4,1,0.8307,0.5186,0.73723,0.48258,0.16793,0.38791,6.257,0.72223,1.2533,0.57129,7.5987,1.1729,0.63218
2,10,4,1,0.81707,0.50238,0.80058,0.49968,0.17197,0.33591,10.947,0.74535,1.0967,0.67907,12.522,1.1658,0.64439
2,10,4,2,0.7403,0.50648,0.87873,0.49495,0.21249,0.44656,5.7323,0.76286,0.77293,0.56424,6.5222,1.0605,0.6671
2,10,4,2,0.87759,0.50124,0.8573,0.50001,0.2132,0.70563,5.0011,0.82955,0.80114,0.6397,5.7374,1.0611,0.71442
2,10,4,2,0.83577,0.5001,0.79845,0.50171,0.23319,0.48278,7.2135,0.79629,0.70094,0.68876,7.8604,1.0494,0.73976
2,10,4,3,0.92123,0.50862,0.8058,0.49338,0.31432,0.2766,5.206,0.88396,0.50098,0.81969,7.6413,0.98184,0.85958
2,10,4,3,0.93104,0.51398,0.90585,0.48785,0.28426,0.26812,4.7586,0.83262,0.54705,0.80596,6.9998,0.96107,0.78804
2,10,4,3,0.88557,0.51077,0.892,0.49123,0.30497,0.19305,5.1938,0.77486,0.568,0.73517,7.3941,0.98961,0.7996
2,10,7,1,0.91945,0.52799,0.89175,0.47451,0.27121,0.15579,13.272,0.61785,0.91861,0.57617,15.747,1.2169,0.58205
2,10,7,1,0.88331,0.53849,0.90359,0.46496,0.23622,0.26531,18.332,0.68636,0.76697,0.57034,21.035,1.3285,0.56288
2,10,7,1,0.96839,0.50734,0.85062,0.49426,0.28273,0.2618,8.5113,0.75162,0.92128,0.56998,9.5642,1.3417,0.55426
2,10,7,2,0.74875,0.49554,0.83272,0.50618,0.30836,0.48972,6.8643,0.75054,0.60693,0.64289,8.0904,1.0916,0.66325
2,10,7,2,0.76478,0.50986,0.85545,0.49178,0.30009,0.46276,6.5543,0.77516,0.61195,0.6827,7.1763,1.0227,0.65876
2,10,7,2,0.7488,0.50821,0.94342,0.49345,0.29804,0.52134,6.636,0.75076,0.60413,0.61006,7.7981,1.0441,0.70998
2,10,7,3,0.90757,0.50935,0.85755,0.49272,0.3374,0.33169,5.3878,0.81983,0.4831,0.70295,7.7075,1.0014,0.76495
2,10,7,3,0.98682,0.50358,0.91914,0.49858,0.37086,0.39896,5.6188,0.8453,0.46333,0.74214,8.5024,1.0252,0.71687
2,10,7,3,0.94126,0.50613,0.9964,0.49595,0.34248,0.39994,5.4088,0.86175,0.48105,0.73417,8.9245,1.0129,0.8382
